	   1	-477.8718171 -145.1728844 63.85098228
	   4	-100.1062052 460.1006382 56.26046625
	   5	-392.7151753 -232.8903869 53.36823263
	   6	102.5374071 126.357294 7.69859628
	   9	-29.4929645 -13.97800003 0.9570997841
	  28	0.5070355025 16.02199997 0.7779156972
	  45	0.5070355025 1.021999971 0.3446433573
	 112	0.1774456587 0.230984346 0.02882326304
	 128	0.01631284622 -0.01803909148 0.0002145396832
	 143	0.001664408719 -0.00339065398 4.262822815e-06
	 161	-0.0001666459688 0.000271455395 3.2332812e-08
	 179	-0.0001666459688 -0.0001863082769 2.2578753e-08
	 205	-5.220505079e-05 4.257355909e-05 1.816945e-09
	 227	5.015408192e-06 -1.46468999e-05 6.627e-11
	 237	5.015408192e-06 1.396332959e-05 6.1376e-11
	 261	-2.137149181e-06 -3.417851531e-07 2.314e-12
	 285	-3.490098379e-07 -3.417851531e-07 9e-14
	 382	1.207259857e-07 6.30127488e-08 8e-15
	 442	-7.632935473e-08 -4.246216875e-08 3e-15
	 451	3.46547885e-08 -2.934737076e-08 1e-15
	 460	-1.256939114e-08 5.223010843e-10 0
	 540	-1.256939114e-08 5.223010843e-10 0