	   1	475.1519852 -309.7522043 81.88372059
	   2	-123.2612864 519.0854285 71.51850484
	   3	229.5495087 221.1784967 27.16145158
	   5	-210.7503711 38.67223583 11.89981639
	  13	-61.03621133 -38.84108558 2.154710221
	  21	58.96378867 -38.84108558 1.730674277
	  30	-1.036211327 -8.841085582 0.5105799016
	  43	-31.03621133 -8.841085582 0.3320460632
	 101	6.991132423 -9.075460582 0.2799355846
	 125	-22.3936332 -4.827413707 0.2449071065
	 136	-3.585039452 5.221414418 0.240200606
	 140	-2.764726952 4.869851918 0.1200734775
	 170	-3.204180077 4.606180043 0.01647491386
	 172	-3.086992577 4.606180043 0.01582597724
	 199	-3.145586327 4.430398793 0.007427724314
	 218	-3.138262108 4.437723011 0.007397721074
	 239	-3.140093163 4.437723011 0.007396173082
	 259	-3.140093163 4.438638539 0.007396052246
	 288	-3.139978722 4.438409657 0.007396041602
	 318	-3.140035943 4.438438267 0.007396040432
	 348	-3.140021638 4.43844542 0.007396040335
	 368	-3.140023426 4.438443631 0.007396040335
	 398	-3.140022532 4.438444526 0.007396040334
	 453	-3.140022722 4.438444466 0.007396040334
	 531	-3.140022611 4.438444479 0.007396040334
	 615	-3.140022611 4.438444479 0.007396040334