1	3.7739	16.304	1.4799
2	344.98	-123.4	33.931
3	-385.55	581.82	122.15
4	329.05	44.139	29.224
5	-175.08	49.904	9.7777
6	-458.44	321.82	79.24
7	-200.55	-30.11	11.95
8	161.91	-133.28	11.873
9	-477.7	253.66	75.077
10	-318.25	530.12	96.265
11	-279.42	521.87	88.485
12	92.198	384.46	40.028
13	175.06	-367.58	42.877
14	-309.62	-395.66	63.933
15	381.74	391.68	75.753
16	87.005	-114.82	5.6826
17	-509.32	401.57	105.84
18	-388.11	-24.116	38.831
19	194.64	-508.63	75.095
20	-236.29	-391.94	53.97
21	3.7739	16.304	1.4799
22	291.7	-67.336	22.618
23	-211.5	443.93	61.963
24	-280.76	315.94	45.285
25	-464.41	241.12	68.89
26	-194.89	346.15	39.495
27	-260.44	323.5	43.329
28	49.817	279.72	22.074
29	104.12	-217.97	14.704
30	-194.1	-378.32	46.894
31	320.95	314.23	52.01
32	-360.46	302.72	57.015
33	-354.53	-5.936	31.992
34	129.45	-480.28	63.618
35	-148.39	-384.91	43.24
36	243.77	256.3	32.114
37	-236.23	-223.7	27.835
38	243.77	16.304	15.773
39	3.7739	256.3	17.877
40	-236.23	16.304	15.435
41	3.7739	-223.7	13.881
42	3.7739	16.304	1.4799
43	132.29	17.007	4.6401
44	-17.232	303.51	24.129
45	-113.03	273.35	22.797
46	-312.47	176.35	33.251
47	-73.725	140.75	7.3667
48	-236.12	27.894	15.695
49	7.0742	77.638	2.5753
50	11.052	21.498	1.1954
51	-73.646	-285.12	22.833
52	144.37	202.58	16.176
53	-65.611	87.77	4.6742
54	-309.52	17.296	25.09
55	20.27	-453.55	52.386
56	-3.9292	-299.61	23.304
57	159.46	161.41	14.237
58	54.533	-48.041	1.9619
59	-166.59	-238.07	22.366
60	-29.827	-113.84	4.4691
61	-72.64	236.84	15.818
62	57.887	-117.94	5.3471
63	218.66	-106.78	15.493
64	-231.58	39.175	15.317
65	-80.855	-389.18	40.297
66	132.86	-131.77	9.4588
67	251.05	261.5	34.72
68	-228.95	-218.5	25.259
69	251.05	21.498	17.714
70	11.052	261.5	18.177
71	-228.95	21.498	13.41
72	11.052	-218.5	13.014
73	294.17	-22.994	23.12
74	162.71	-207.86	19.038
75	-107.22	-389.4	41.374
76	-43.2	-143.61	6.2506
77	-118.4	314.19	29.533
78	153.73	76.621	7.675
79	375.58	-201.38	46.484
80	-112.15	51.727	4.5605
81	-170.85	-287.38	29.138
82	206.3	85.26	13.87
83	131.05	141.5	9.7432
84	-108.95	-98.502	6.8519
85	131.05	21.498	5.9563
86	11.052	141.5	5.9859
87	-108.95	21.498	3.6162
88	11.052	-98.502	3.4077
89	284.82	-102.96	23.519
90	208.75	-194.28	21.219
91	-99.376	-354.5	34.567
92	-32.152	-64.166	2.1543
93	-117.4	319.18	30.265
94	160.13	171.98	14.197
95	327.96	-118.53	31.578
96	-1.4654	49.828	1.7033
97	-225.33	-58.354	15.135
98	215.82	161.52	19.422
99	71.052	81.498	4.0916
100	-48.948	-38.502	2.0944
101	71.052	21.498	2.0645
102	11.052	81.498	2.6644
103	-48.948	21.498	1.9337
104	11.052	-38.502	1.4292
105	235.19	-71.598	16.96
106	221.97	-134.54	18.141
107	-124.98	-170.64	11.963
108	-16.308	19.413	1.4899
109	-84.049	245.37	17.278
110	91.162	211.72	14.749
111	59.225	40.563	1.4679
112	103.53	44.538	5.1631
113	-233.73	155.83	21.031
114	139.05	179.03	13.436
115	41.052	51.498	2.3606
116	-18.948	-8.5017	0.14913
117	66.63	82.066	3.8646
118	122.14	-56.018	5.2041
119	-105.46	13.131	4.035
120	-2.5658	81.911	2.8453
121	-18.956	50.13	2.344
122	22.896	224.66	13.622
123	-190.06	180	18.131
124	126.95	30.073	5.4673
125	-160.02	329.15	35.433
126	6.4208	70.283	1.4103
127	11.052	21.498	1.1954
128	-48.948	-38.502	2.0944
129	11.052	-8.5017	0.99429
130	-18.948	21.498	2.0756
131	-48.948	-8.5017	1.3756
132	-18.948	-38.502	1.956
133	-111.69	206.49	14.766
134	-28.588	24.895	1.6624
135	-65.681	171.1	9.3619
136	2.6233	85.596	2.2505
137	39.5	-151.29	7.337
138	-41.543	175.4	9.0697
139	-269.44	168.31	25.54
140	104.18	-0.89306	4.4176
141	-66.25	443.73	52.209
142	-112.83	-56.176	5.3939
143	-3.948	6.4983	0.93337
144	-33.948	-23.502	0.92315
145	-3.948	-8.5017	1.6887
146	-18.948	6.4983	1.2169
147	-33.948	-8.5017	2.0961
148	-18.948	-23.502	1.8384
149	-202.09	269.65	29.678
150	-159.93	89.52	10.253
151	-8.5979	269.26	18.926
152	-2.385	62.15	2.6938
153	61.797	-302.67	24.384
154	-77.267	23.309	2.4184
155	-159.41	30.25	7.0123
156	42.753	-17.908	1.2041
157	11.619	108.25	3.7222
158	-201.72	-168.08	17.551
159	-11.448	-1.0017	0.70102
160	-26.448	-16.002	1.1595
161	-11.448	-8.5017	0.62969
162	-18.948	-1.0017	0.33424
163	-26.448	-8.5017	0.94945
164	-18.948	-16.002	0.84133
165	-210.43	273.06	30.586
166	-160.73	125.57	11.992
167	34.424	235.19	14.154
168	-12.499	-6.6552	1.0565
169	48.964	-228.64	14.7
170	-94.605	-126.53	7.1782
171	40.724	-90.518	3.8466
172	-12.833	-31.044	2.2459
173	76.845	-196.17	11.987
174	-190.18	-209.23	20.881
175	-15.198	-4.7517	0.21135
176	-22.698	-12.252	0.61594
177	-15.198	-8.5017	1.9166
178	-18.948	-4.7517	2.0669
179	-22.698	-8.5017	1.8794
180	-18.948	-12.252	1.8476
181	-28.276	203.28	12.245
182	-108.23	89.531	5.7935
183	50.357	-17.338	0.75959
184	-22.845	-68.409	2.0923
185	-6.5534	-71.003	1.3091
186	-76.066	-240.25	16.113
187	201.86	-149.05	16.636
188	-46.47	-29.003	1.6803
189	97.731	-281.15	22.551
190	-123.88	-144.81	10.017
191	-17.073	-6.6267	1.0784
192	-20.823	-10.377	1.3288
193	-17.073	-8.5017	1.2878
194	-18.948	-6.6267	1.1272
195	-20.823	-8.5017	1.504
196	-18.948	-10.377	0.62521
197	157.92	126.05	10.941
198	-2.2347	23.296	0.69231
199	37.282	-242.11	15.982
200	-28.025	-91.623	2.9316
201	-64.673	112.9	5.1599
202	-38.079	-191.58	11.402
203	202.28	-93.465	13.752
204	-59.774	-14.426	1.2338
205	70.741	-248.78	17.779
206	26.588	-28.125	1.3162
207	-18.011	-7.5642	0.69833
208	-19.886	-9.4392	0.64997
209	-18.011	-8.5017	0.45547
210	-18.948	-7.5642	0.51269
211	-19.886	-8.5017	0.6259
212	-18.948	-9.4392	0.19212
213	204.51	-1.8903	11.678
214	86.793	-38.42	3.4261
215	15.067	-282.86	21.458
216	-24.588	-67.978	2.8084
217	-99.536	217.01	15.732
218	-17.563	-72.77	2.2968
219	94.751	6.6708	3.2515
220	-28.023	-2.3674	1.0979
221	10.708	-20.521	1.0305
222	152.63	85.775	8.5137
223	-18.479	-8.033	0.33369
224	-19.417	-8.9705	0.27248
225	-18.479	-8.5017	0.20538
226	-18.948	-8.033	0.28624
227	-19.417	-8.5017	0.29982
228	-18.948	-8.9705	0.1165
229	97.212	-83.155	4.4725
230	121.99	-83.497	5.7774
231	-9.9246	-78.379	2.9377
232	-16.351	-20.279	1.0089
233	-63.024	289.56	23.792
234	0.22836	65.475	2.7318
235	-18.219	104.67	3.674
236	4.0955	6.8153	1.0775
237	-54.296	185.95	10.946
238	215.44	175.38	20.275
239	-18.479	-8.5017	0.20538
240	-19.417	-9.4392	0.33689
241	-18.479	-8.9705	0.17494
242	-18.948	-8.5017	0.14913
243	-19.417	-8.9705	0.27248
244	-18.948	-9.4392	0.19212
245	-48.437	-145.78	6.6879
246	49.272	-73.992	3.2296
247	-8.9579	137.96	4.8966
248	-10.217	26.229	1.8681
249	0.089029	216.34	13.268
250	11.95	166.87	7.8457
251	-108.62	117.5	7.4404
252	22.237	8.3682	2.0469
253	-104.68	334.29	31.289
254	159.38	122.16	11.072
255	-18.714	-8.7361	0.12139
256	-19.182	-9.2049	0.19201
257	-18.714	-8.9705	0.11867
258	-18.948	-8.7361	0.11925
259	-19.182	-8.9705	0.16868
260	-18.948	-9.2049	0.14101
261	-156.01	-56.052	8.0414
262	-42.568	-13.228	1.6527
263	2.5518	255.66	17.454
264	-7.7751	39.349	1.4731
265	53.987	38.596	1.6368
266	11.121	111.2	4.2466
267	-102.98	113.08	6.7347
268	21.079	1.9372	1.2343
269	-93.02	412.07	45.849
270	11.826	-7.8271	0.50929
271	-18.831	-8.8533	0.10868
272	-117.8	105.41	7.2548
273	-97.088	47.685	3.2868
274	8.9059	225.88	13.014
275	-10.773	42.115	1.458
276	60.565	-134.5	6.8581
277	-9.3115	-33.463	1.4008
278	-32.916	62.151	2.1654
279	14.513	-4.771	0.70158
280	-15.703	140.18	6.1388
281	-127.7	-124.39	9.3954
282	-18.714	-8.7361	0.12139
283	-18.948	-8.9705	0.1165
284	-18.714	-8.8533	0.11663
285	-18.831	-8.7361	0.1135
286	-18.948	-8.8533	0.11446
287	-18.831	-8.9705	0.11074
288	-67.639	219.41	14.213
289	-76.077	76.83	4.394
290	10.347	156.44	6.669
291	-16.02	13.326	0.15669
292	39.66	-243.2	15.92
293	-32.244	-152.02	6.5132
294	55.705	-0.80499	1.2158
295	-1.2839	-11.704	1.1505
296	62.853	-195.02	10.55
297	-175.8	-158.33	14.581
298	-18.772	-8.7947	0.11249
299	-18.889	-8.9119	0.11002
300	-18.772	-8.8533	0.11095
301	-18.831	-8.7947	0.11023
302	-18.889	-8.8533	0.10986
303	-18.831	-8.9119	0.10885
304	-10.824	238.31	15.298
305	-21.281	83.047	2.407
306	14.561	42.929	1.7148
307	-21.268	-23	0.60825
308	-12.871	-186.71	8.806
309	-37.796	-144.17	6.3987
310	108.74	-60.79	5.0689
311	-10.703	-15.646	1.1094
312	109.22	-365.51	37.874
313	-149.96	-120.74	10.834
314	-18.802	-8.824	0.10995
315	-18.86	-8.8826	0.10871
316	-18.802	-8.8533	0.10939
317	-18.831	-8.824	0.10924
318	-18.86	-8.8533	0.10884
319	-18.831	-8.8826	0.10855
320	72.406	172.09	9.0516
321	28.549	69.41	2.7702
322	7.746	-74.375	2.4717
323	-24.635	-46.724	1.7435
324	-64.07	0.80119	1.751
325	-22.427	-47.863	1.0132
326	101.18	-77.137	5.3812
327	-18.819	-12.998	2.1032
328	97.781	-424.38	48.47
329	2.5833	2.4053	0.89314
330	-18.802	-8.8533	0.10939
331	-18.86	-8.9119	0.10901
332	-18.802	-8.8826	0.10926
333	-18.831	-8.8533	0.10868
334	-18.86	-8.8826	0.10871
335	-18.831	-8.9119	0.10885
336	106.6	93.075	6.9727
337	50.783	12.894	2.5144
338	-2.3812	-165.15	7.198
339	-23.969	-38.233	1.6378
340	-88.958	165.71	10.168
341	-8.0247	43.687	1.6403
342	74.621	-87.821	3.7905
343	-11.373	-9.0371	0.68669
344	48.428	-315.45	26.2
345	132.77	107.42	7.714
346	-18.816	-8.868	0.10881
347	-18.845	-8.8972	0.10862
348	-18.816	-8.8826	0.1088
349	-18.831	-8.868	0.10856
350	-18.845	-8.8826	0.10852
351	87.353	11.528	3.1808
352	26.212	-34.141	1.2049
353	-7.9521	-213.8	12.535
354	-21.069	-2.1676	1.1351
355	-70.313	222.82	14.326
356	-0.065296	89.444	2.0866
357	44.884	-55.13	2.0878
358	-6.0654	-5.4919	1.7366
359	-33.509	-3.5219	0.88702
360	128.81	134.27	10.422
361	-18.831	-8.868	0.10856
362	-18.86	-8.8972	0.10881
363	-18.831	-8.8826	0.10855
364	-18.845	-8.868	0.10854
365	-18.86	-8.8826	0.10871
366	-18.845	-8.8972	0.10862
367	18.065	-62.382	1.3527
368	-5.5893	-49.886	2.2092
369	0.58446	-151.69	5.9998
370	-15.424	29.365	0.9513
371	-21.909	160.18	8.5173
372	3.9026	89.484	3.6599
373	-6.5379	-12.58	1.8854
374	-4.2717	-4.5118	0.58361
375	-106	274.28	22.156
376	93.707	103.47	6.3992
377	-18.838	-8.8753	0.1085
378	-52.041	-107.67	4.7263
379	-33.795	-37.532	1.7563
380	23.597	-15.461	1.2012
381	-10.813	49.824	1.5082
382	23.166	21.081	0.97714
383	-12.657	44.797	0.57934
384	-34.7	28.112	2.0095
385	-5.8914	-5.3128	1.7706
386	-124.5	475.71	61.837
387	-3.5864	55.007	2.0897
388	-18.831	-8.868	0.10856
389	-18.845	-8.8826	0.10852
390	-18.831	-8.8753	0.10855
391	-18.838	-8.868	0.10852
392	-18.845	-8.8753	0.10852
393	-18.838	-8.8826	0.10851
394	-75.068	-103.31	5.7389
395	-45.867	8.9476	1.8543
396	41.564	107.41	4.9546
397	-8.9442	51.759	2.0922
398	47.739	-132.46	6.6387
399	-29.349	-0.37156	1.6752
400	-39.794	58.558	1.8306
401	-12.853	-6.4003	1.2296
402	-77.231	437.55	50.367
403	-84.667	-33.58	3.2534
404	-18.834	-8.8716	0.10852
405	-18.842	-8.8789	0.1085
406	-65.567	-91.486	3.9067
407	-39.235	56.241	2.1924
408	36.872	151.73	6.4944
409	-11.856	23.762	1.5242
410	42.747	-225.43	14.387
411	-34.586	-28.518	1.7545
412	-16.437	49.404	0.98419
413	-17.669	-6.7773	1.0592
414	-0.26228	39.718	2.3429
415	-90.449	-97.485	6.1994
416	-18.838	-8.8753	0.1085
417	-18.845	-8.8826	0.10852
418	-18.838	-8.8789	0.1085
419	-18.842	-8.8753	0.1085
420	-11.707	-31.776	1.8667
421	-24.443	85.97	3.3471
422	13.694	112.26	4.4835
423	-16.165	-15.966	1.3894
424	13.192	-177.83	8.141
425	-28.675	-25.927	2.1742
426	3.9032	16.998	1.6943
427	-18.511	-7.3122	0.68192
428	50.645	-332.95	30.267
429	-30.106	-113.58	4.3993
430	-18.838	-8.8716	0.10851
431	-18.845	-8.8789	0.10852
432	-18.838	-8.8753	0.1085
433	-18.842	-8.8716	0.10851
434	-18.845	-8.8753	0.10852
435	-18.842	-8.8789	0.1085
436	40.989	18.279	2.4295
437	-4.1091	44.963	2.0369
438	-8.3409	2.3623	0.97226
439	-20.056	-49.455	2.0382
440	-30.128	-121.89	4.9977
441	-14.853	5.9834	0.76012
442	12.514	-1.6802	0.66693
443	-13.545	-7.2425	0.83707
444	54.07	-548.06	76.477
445	41.086	-81.425	3.5812
446	-18.84	-8.8734	0.1085
447	-18.844	-8.8771	0.10851
448	-18.84	-8.8753	0.1085
449	85.022	21.883	1.9734
450	12.339	2.0365	0.91203
451	-22.393	-108.8	4.12
452	-22.405	-64.029	2.4015
453	-59.363	22.873	1.1659
454	-2.9863	41.003	0.67912
455	11.638	-18.761	0.66361
456	-9.2663	-7.3864	1.5177
457	1.4168	-267.77	18.824
458	88.596	-25.007	2.8016
459	-18.838	-8.8734	0.10851
460	-18.842	-8.8771	0.1085
461	-18.838	-8.8753	0.1085
462	-18.84	-8.8734	0.1085
463	-18.842	-8.8753	0.1085
464	-18.84	-8.8771	0.1085
465	58.358	6.9826	1.9163
466	21.045	-34.657	1.8849
467	-16.149	-136.24	5.2593
468	-21.332	-28.248	1.6544
469	-55.68	142.91	6.3213
470	3.5266	63.865	2.3782
471	8.2109	-30.689	0.91757
472	-6.2882	-6.9909	0.7932
473	-63.549	47.316	2.9113
474	81.141	33.154	3.0221
475	-18.838	-8.8753	0.1085
476	-18.842	-8.8789	0.1085
477	-18.838	-8.8771	0.1085
478	-18.84	-8.8753	0.1085
479	-18.842	-8.8771	0.1085
480	-18.84	-8.8789	0.1085
481	0.80541	-27.769	0.7035
482	15.744	-55.186	2.0682
483	1.8082	-115.91	4.5856
484	-19.128	9.9106	0.39602
485	-47.763	185.21	10.592
486	-0.12377	77.217	2.8563
487	5.6619	-31.054	2.0618
488	-3.6907	-6.8258	1.1122
489	-107.07	287.91	25.374
490	52.294	62.682	3.0822
491	-18.839	-8.8762	0.1085
492	-18.841	-8.878	0.1085
493	-18.839	-8.8771	0.1085
494	-18.84	-8.8762	0.1085
495	-18.841	-8.8771	0.1085
496	-18.84	-8.878	0.1085
497	-55.556	-49.824	2.8196
498	-6.3381	-35.865	0.35884
499	16.214	-59.613	1.7303
500	-15.815	43.047	2.0819
501	-19.382	76.106	3.3329
502	-11.586	71.552	1.7867
503	-0.68049	-24.752	0.98119
504	-7.1521	-6.6771	1.0181
505	-99.405	361.23	36.339
506	-3.7249	72.991	2.5207
507	-18.84	-8.8767	0.1085
508	-18.84	-8.8776	0.1085
509	-18.84	-8.8771	0.1085
510	-18.84	-8.8767	0.1085
511	-18.84	-8.8771	0.1085
512	-18.84	-8.8776	0.1085
513	-84.516	-49.146	2.4542
514	-26.267	-10.757	1.0979
515	15.404	20.601	0.76761
516	-13.112	66.925	3.0006
517	6.1842	-75.793	3.4236
518	-24.504	47.244	2.0375
519	-12.335	-11.291	1.1958
520	-12.643	-6.9333	0.86346
521	-70.898	235.64	15.929
522	-49.444	56.89	2.9774
523	-18.84	-8.8769	0.1085
524	-18.84	-8.8773	0.1085
525	-18.84	-8.8771	0.1085
526	-18.84	-8.8769	0.1085
527	-85.93	-43.787	3.7275
528	-37.759	4.6609	2.3482
529	8.7464	81.323	3.122
530	-11.154	68.973	2.2083
531	25.533	-186.76	8.9672
532	-30.149	3.578	1.4753
533	-20.049	-1.1164	0.8451
534	-16.109	-6.874	1.2127
535	-12.562	55.925	2.0929
536	-73.815	11.334	2.3922
537	-18.84	-8.8767	0.1085
538	-18.84	-8.8771	0.1085
539	-18.84	-8.8769	0.1085
540	-18.84	-8.8767	0.1085
541	-18.84	-8.8769	0.1085
542	-44.602	-32.573	2.1738
543	-31.431	-6.2249	1.5624
544	0.43622	95.096	3.5298
545	-12.645	47.97	2.4164
546	21.618	-196.15	11.567
547	-25.451	-17.164	0.37209
548	-17.833	2.4993	1.1838
549	-14.762	-6.5906	1.0349
550	37.578	-112.8	4.8745
551	-68.229	-36.473	1.9955
552	-18.84	-8.8767	0.1085
553	-18.84	-8.8771	0.1085
554	-18.84	-8.8769	0.1085
555	-18.84	-8.8767	0.1085
556	-18.84	-8.8769	0.1085
557	-18.84	-8.8771	0.1085
558	2.5564	-15.781	1.1995
559	-14.664	-28.539	1.3771
560	-1.0575	35.901	0.84706
561	-16.288	-6.5709	1.0219
562	13.102	-51.626	1.3928
563	-20.284	-35.6	1.2843
564	-4.2477	0.87507	1.3698
565	-13.924	-6.2836	1.1146
566	55.88	-219.36	14.114
567	-34.327	-63.578	2.8523
568	-18.84	-8.8768	0.1085
569	-18.84	-8.877	0.1085
570	-18.84	-8.8769	0.1085
571	36.726	-0.11267	0.77658
572	2.8168	-40.993	0.70468
573	2.6177	-40.355	0.57234
574	-19.644	-49.805	2.27
575	-5.7728	114.61	3.5911
576	-16.642	-35.328	1.9693
577	11.468	-10.397	0.84114
578	-12.107	-6.1793	1.3477
579	61.414	-190.04	11.087
580	18.859	-49.414	2.6266
581	-18.84	-8.8768	0.1085
582	-18.84	-8.877	0.1085
583	-18.84	-8.8769	0.1085
584	-18.84	-8.8768	0.1085
585	-18.84	-8.8769	0.1085
586	-18.84	-8.877	0.1085
587	35.594	4.6118	0.81624
588	9.934	-48.248	0.81703
589	-0.28795	-96.946	2.5392
590	-20.795	-71.788	2.7185
591	-32.049	169.03	7.6016
592	-16.302	-21.678	0.41412
593	17.879	-21.081	1.5837
594	-9.3194	-7.1997	1.4022
595	24.003	-115.87	4.0872
596	44.441	-17.48	0.69271
597	-18.84	-8.8768	0.1085
598	-18.84	-8.8769	0.1085
599	8.72	-9.3172	1.7673
600	14.417	-50.041	1.4911
601	-7.3225	-80.812	2.226
602	-21.184	-71.35	3.0642
603	-50.921	88.38	2.853
604	-18.331	-7.9604	0.41054
605	13.595	-26.583	0.70722
606	-7.5233	-8.3253	0.73196
607	-36.258	-18.185	1.288
608	44.305	18.877	0.907
609	-18.84	-8.8769	0.1085
610	-18.84	-8.877	0.1085
611	-18.84	-8.8769	0.1085
612	-18.84	-8.8769	0.1085
613	-19.889	-26.429	0.77309
614	14.906	-29.399	1.0215
615	-11.179	-41.049	1.5854
616	-19.744	-9.138	0.50207
617	-55.343	-47.745	2.5852
618	-22.177	3.9647	0.19971
619	0.28386	-26.209	0.2595
620	-9.1686	-8.1929	1.8914
621	-82.397	72.433	3.5717
622	13.005	39.127	2.1685
623	-18.84	-8.8768	0.1085
624	-18.84	-8.8769	0.1085
625	-18.84	-8.8769	0.1085
626	-18.84	-8.8768	0.1085
627	-18.84	-8.8769	0.1085
628	-18.84	-8.8769	0.1085
629	-38.104	-35.767	0.77535
630	-6.7648	-5.7332	1.5619
631	-12.955	0.74869	0.2435
632	-18.156	50.267	2.1383
633	-41.812	-141.47	6.938
634	-24.569	12.858	1.9911
635	-19.69	-25.818	0.71032
636	-11.221	-6.3799	1.0862
637	-109.91	96.708	7.101
638	-25.321	47.156	2.0599
639	-18.84	-8.8769	0.1085
640	-18.84	-8.8769	0.1085
641	-18.84	-8.8769	0.1085
642	-44.552	-38.512	2.2916
643	-31.562	8.9754	0.28186
644	-17.227	35.141	1.4321
645	-16.947	83.768	2.5342
646	-16.738	-199.04	10.558
647	-23.817	13.016	1.43
648	-33.708	-23.402	0.98002
649	-13.244	-4.3909	1.8273
650	-94.751	57.698	4.9521
651	-56.94	24.233	2.0895
652	-18.84	-8.8769	0.1085
653	-18.84	-8.8769	0.1085
654	-18.84	-8.8769	0.1085
655	-18.84	-8.8769	0.1085
656	-18.84	-8.8769	0.1085
657	-18.84	-8.8769	0.1085
658	-41.357	-25.733	2.2833
659	-53.452	17.295	2.732
660	-20.164	43.087	1.4182
661	-16.17	53.582	2.6625
662	4.249	-178.05	9.3645
663	-22.137	5.5561	0.43184
664	-31.735	-16.47	0.74489
665	-12.652	-3.4505	1.8039
666	-48.901	-3.9827	1.7963
667	-52.384	-15.352	1.6723
668	-18.84	-8.8769	0.1085
669	-18.84	-8.8769	0.1085
670	-20.691	-11.099	1.1394
671	-50.438	12.434	2.4693
672	-21.033	22.691	0.69652
673	-16.613	4.6213	0.46158
674	9.7509	-120.56	3.7951
675	-20.101	-3.02	1.2715
676	-11.606	-12.555	1.5626
677	-12.189	-4.9965	1.9026
678	2.1083	-61.049	2.2843
679	-28.383	-49.683	0.98378
680	-18.84	-8.8769	0.1085
681	-18.84	-8.8769	0.1085
682	-18.84	-8.8769	0.1085
683	-18.84	-8.8769	0.1085
684	-18.84	-8.8769	0.1085
685	-18.84	-8.8769	0.1085
686	4.3791	1.351	1.1941
687	-27.704	3.4957	0.53501
688	-19.239	-5.4638	1.7942
689	-17.434	-43.414	1.4306
690	-10.472	-50.228	1.371
691	-18.881	-8.8259	0.10998
692	9.8822	-10.092	1.6399
693	-13.644	-8.2816	0.63266
694	37.372	-87.251	2.8537
695	7.3294	-59.706	2.0008
696	22.831	5.6301	0.69245
697	-7.8999	-6.5096	1.0212
698	-16.114	-30.442	0.47574
699	-18.525	-62.181	1.1047
700	-32.979	35.058	1.5721
701	-17.788	-14.007	1.5609
702	24.532	-13.486	2.0158
703	-13.141	-9.8459	0.41414
704	42.125	-43.003	2.0566
705	31.962	-59.349	2.5043
706	23.693	9.2499	1.0357
707	-0.61963	-13.242	1.8565
708	-12.638	-27.484	0.39694
709	-18.995	-65.324	2.7461
710	-45.756	95.032	3.7128
711	-17.356	-14.97	1.1619
712	28.82	-21.777	0.51191
713	-13.496	-10.926	0.99915
714	20.707	11.347	1.0917
715	31.715	-22.908	2.2257
716	20.453	7.8653	1.1445
717	-8.9634	-14.495	0.46472
718	-10.594	-14.951	0.92342
719	-19.373	-16.87	0.46889
720	-51.315	103.48	4.6386
721	-17.918	-10.976	1.055
722	6.1348	-24.948	0.81493
723	-15.746	-11.633	0.73276
724	-25.356	51.491	1.553
725	8.8021	15.993	1.3338
726	2.6487	-0.91772	1.7039
727	-26.017	-4.349	1.8066
728	-9.9719	5.1805	0.29113
729	-18.626	31.275	2.2989
730	-42.805	45.185	1.6383
731	-19.053	-5.8504	1.6324
732	-16.14	-21.142	0.51762
733	-18.033	-11.348	1.2293
734	-69.326	59.98	3.1003
735	-23.203	40.451	1.2111
736	-19.643	-10.384	0.78027
737	-38.403	7.0922	1.1541
738	-13.565	16.529	0.76866
739	-17.884	51.588	1.5501
740	-14.051	-12.072	1.1398
741	-19.953	-2.3597	1.1449
742	-33.37	-14.404	1.0593
743	-19.876	-9.6968	0.68737
744	-78.623	52.47	4.0579
745	-49.513	15.655	1.6199
746	-32.827	-14.45	1.4333
747	-46.26	9.9062	2.0473
748	-18.397	7.5178	0.58831
749	-17.459	36.638	1.2835
750	9.0741	-61.238	2.688
751	-20.035	-1.5866	0.93801
752	-36.647	-9.1342	0.86885
753	-19.001	-8.1191	0.25989
754	-77.513	24.657	2.7346
755	-46.62	-26.756	2.5958
756	-37.925	-8.6683	0.41532
757	-43.466	4.8504	2.3121
758	-20.652	-0.92235	1.2892
759	-16.39	8.9792	1.8621
760	22.4	-74.256	1.9335
761	-19.422	-2.6913	1.3703
762	-34.853	-10.201	1.9014
763	-18.206	-6.8599	0.98432
764	-65.639	-24.965	2.5784
765	-16.203	-54.567	2.3669
766	-41.795	-3.5977	0.96173
767	-31.559	-1.9477	1.0596
768	-18.462	-10.535	0.74819
769	-16.469	-22.305	0.46963
770	12.637	-73.109	2.2363
771	-18.527	-5.0455	1.9559
772	-26.568	-15.634	1.2295
773	-18.211	-6.3861	1.2501
774	-53.616	-53.927	3.3337
775	15.097	-51.666	2.0469
776	-35.523	-2.1828	1.3322
777	-20.575	-6.2117	1.0671
778	-13.782	-13.142	1.4353
779	-17.238	-37.868	1.4298
780	-9.4511	-34.361	1.9881
781	-17.908	-9.6048	0.58902
782	-8.5911	-23.612	0.78792
783	-18.395	-6.0478	1.4732
784	-26.481	-50.525	1.9
785	41.753	-11.939	1.1319
786	-29.486	-2.6049	1.1249
787	-14.903	-4.6276	0.37336
788	-10.842	-13.952	0.94002
789	-18.166	-35.793	0.6394
790	-32.77	0.55892	1.0698
791	-17.734	-13.57	1.558
792	5.2525	-31.117	1.7632
793	-18.836	-7.8144	0.37754
794	-3.0281	-34.842	2.1799
795	36.842	23.972	1.6942
796	-21.555	-7.0463	1.3704
797	-18.297	0.35441	0.25929
798	-9.3243	-14.144	0.23771
799	-18.123	-18.405	0.49327
800	-42.163	25.857	1.8191
801	-18.283	-15.198	1.3493
802	5.2874	-34.147	0.99891
803	-19.243	-9.8945	0.41846
804	13.986	5.2095	1.1843
805	9.4231	53.511	2.7284
806	-20.15	-11.439	1.1963
807	-21.528	2.545	0.91458
808	-9.4315	-13.727	0.10881
809	-17.719	9.5795	0.72544
810	-35.691	45.537	2.1367
811	-19.059	-12.201	1.8112
812	-0.67561	-21.644	1.8348
813	-19.395	-10.594	0.81867
814	12.032	32.705	1.6669
815	-27.179	48.535	1.329
816	-26.468	-13.018	1.4449
817	-23.335	-0.29305	1.3565
818	-13.332	-13.197	1.8057
819	-17.022	33.026	1.2925
820	-22.295	26.433	2.2411
821	-19.643	-8.0455	0.53139
822	-12.399	-8.8105	0.073264
823	-19.22	-10.022	0.47052
824	-8.4998	33.668	1.4473
825	-45.887	22.586	1.3374
826	-32.736	-12.023	1.4539
827	-22.461	-3.8915	0.30519
828	-15.951	-11.383	0.90782
829	-15.436	38.486	0.95942
830	-6.8593	-18.614	0.40425
831	-17.215	-4.9463	1.0202
832	-22.777	2.5501	0.96848
833	-17.397	-9.1619	0.98124
834	-39.632	28.883	1.6002
835	-32.718	-21.179	1.5773
836	-12.399	-8.8105	0.073267
837	-12.399	-8.8105	0.073262
838	-38.126	-10.242	0.86663
839	-16.089	-5.6429	0.45907
840	-17.506	-8.6601	0.87315
841	-13.092	31.717	2.0786
842	-0.086464	-51.673	1.2702
843	-14.666	-4.989	0.59298
844	-23.756	6.0493	1.2314
845	-15.95	-8.3714	1.9886
846	-57.248	12.67	2.543
847	-2.4589	-53.221	2.4838
848	-12.399	-8.8105	0.073264
849	-12.399	-8.8105	0.073259
850	-34.524	-7.8525	2.0577
851	-9.5091	-4.5281	0.033093
852	-16.338	-6.787	1.1482
853	-11.476	18.708	0.75599
854	-6.0957	-52.208	0.99402
855	-11.943	-5.9086	1.4578
856	-19.323	3.2905	1.7067
857	-13.915	-7.6155	0.92571
858	-48.423	-6.8085	1.6251
859	23.436	-61.749	2.21
860	-27.038	-4.5604	0.86123
861	-3.6889	-3.5421	0.32007
862	-9.8029	-5.0936	0.19782
863	-10.379	3.4588	0.58591
864	-16.123	-25.705	1.9455
865	-11.103	-7.6051	0.9789
866	-8.6503	-7.2648	1.3264
867	-13.913	-5.8803	1.1739
868	-23.93	-22.201	1.6258
869	39.828	-45.65	2.2615
870	-9.509	-4.528	0.033085
871	-22.109	-2.0095	1.2715
872	-1.1391	-2.845	1.1809
873	-3.8676	-4.0323	0.29127
874	-11.572	-9.1771	0.52121
875	-23.111	7.3225	1.3425
876	-11.979	-8.8108	0.22423
877	-0.40157	-16.966	0.2968
878	-13.032	-3.973	1.8911
879	0.11504	-20.477	1.4379
880	28.405	2.9152	0.73672
881	-9.509	-4.528	0.033077
882	-14.502	-1.4515	1.2377
883	-1.914	-3.3965	0.75526
884	-1.1441	-5.705	1.2681
885	-13.253	-19.292	0.76921
886	-28.29	34.732	2.3416
887	-15.401	-9.3296	1.9877
888	2.7307	-21.093	0.46959
889	-11.563	-2.8178	1.2553
890	10.183	-7.8358	1.5761
891	8.713	41.157	0.93049
892	-9.5089	-4.5279	0.033062
893	-16.188	-4.7795	0.20939
894	-7.0308	-4.1407	1.7333
895	-3.8843	-10.759	1.212
896	-14.644	-12.587	0.67285
897	-29.467	33.209	1.4635
898	-18.393	-7.2904	0.71333
899	-0.43983	-11.748	1.4307
900	-10.752	-3.4257	0.85052
901	7.8741	5.5829	1.0094
902	-8.3716	31.261	0.77018
903	-9.5086	-4.5276	0.033032
904	-15.629	-7.5943	1.6848
905	-12.412	-5.0543	1.9422
906	-7.8326	-14.877	1.0805
907	-15.815	5.2844	0.24614
908	-16.125	2.7817	0.71418
909	-18.018	-5.5124	1.5791
910	-8.7994	0.44075	1.7911
911	-11.985	-5.0717	1.7968
912	-9.2161	12.938	0.12178
913	-23.485	7.5504	1.1973
914	-9.5082	-4.5272	0.032971
915	-12.51	-8.7647	0.063588
916	-16.15	-5.798	0.55385
917	-12.636	-14.314	1.8564
918	-14.542	21.211	0.8664
919	-3.1799	-26.049	2.0805
920	-15.94	-5.3373	0.28577
921	-17.39	8.345	0.98963
922	-14.327	-7.1664	1.1297
923	-24.374	17.458	0.5167
924	-28.098	-23.881	0.96382
925	-9.5073	-4.5263	0.032851
926	-8.8407	-9.3301	1.8347
927	-16.592	-5.8772	0.74257
928	-15.639	-9.6407	1.9432
929	-12.139	24.854	0.92586
930	4.0486	-43.045	1.8112
931	-13.5	-5.7292	1.4191
932	-20.122	12.127	1.3323
933	-16.415	-8.1692	1.7489
934	-31.728	12.829	2.1858
935	-16.991	-46.171	1.6995
936	-9.5054	-4.5244	0.032614
937	-5.661	-8.8574	0.21516
938	-11.953	-5.0849	1.7769
939	-16.354	-6.4154	0.9374
940	-10.451	10.469	1.2806
941	-1.6067	-38.728	1.353
942	-11.527	-6.1783	1.2135
943	-17.717	11.387	1.1944
944	-16.887	-8.9022	1.4728
945	-23.15	5.3786	0.82501
946	-4.3279	-39.076	1.0863
947	-9.5018	-4.5208	0.032155
948	-5.1246	-7.4409	0.81129
949	-6.7303	-4.2215	1.9065
950	-12.177	-5.3251	1.795
951	-10.907	-7.6794	1.1028
952	-14.673	-17.65	1.64
953	-12.204	-6.75	0.99205
954	-13.026	1.6024	0.66318
955	-17.337	-7.5859	1.0541
956	-3.4765	-1.2999	1.5762
957	12.664	-27.418	0.37352
958	-9.4944	-4.5135	0.031296
959	-8.871	-5.7037	0.49348
960	-3.3014	-3.5442	0.21132
961	-8.2604	-5.986	0.84358
962	-10.777	-20.457	1.0638
963	-25.369	8.1552	0.33208
964	-14.145	-7.667	1.07
965	-7.8557	-7.8719	1.0322
966	-17.031	-6.2816	1.0167
967	9.0492	-4.1343	0.11651
968	24.445	-9.2214	0.41987
969	-9.4798	-4.4988	0.02982
970	-13.773	-4.4263	1.4085
971	-3.8992	-3.296	0.50612
972	-5.5366	-8.9205	0.29377
973	-11.722	-26.161	0.58187
974	-26.454	24.614	1.2954
975	-16.702	-8.2807	1.5828
976	-5.1851	-15.656	1.034
977	-16.017	-5.2664	0.27547
978	19.698	-6.8043	1.0433
979	20.632	0.14755	1.3151
980	-9.4505	-4.4695	0.02783
981	-16.668	-5.1725	0.57751
982	-8.6645	-3.8177	0.36744
983	-6.5786	-11.245	1.1354
984	-12.912	-8.464	0.1601
985	-20.162	25.911	1.0485
986	-16.748	-7.5972	1.395
987	-7.1753	-14.752	1.4031
988	-12.557	-5.0887	1.9434
989	21.126	-7.7886	1.5896
990	4.9545	-1.1052	0.83626
991	-9.3919	-4.4109	0.027712
992	-13.608	-6.0778	1.2588
993	-13.494	-4.5059	1.6496
994	-8.7815	-11.232	0.98035
995	-12.841	7.8822	0.3265
996	-12.351	10.573	0.70546
997	-14.568	-6.9979	1.1629
998	-11.71	-8.9934	0.40103
999	-11.674	-5.4788	1.5083
1000	10.967	-7.2721	1.055
1001	-9.1924	-7.506	1.5807
1002	-9.2747	-4.2937	0.042846
1003	-9.5091	-4.5281	0.033093
1004	-9.2747	-4.4109	0.03786
1005	-9.3919	-4.2937	0.032755
1006	-9.5091	-4.4109	0.031276
1007	-9.3919	-4.5281	0.029532
1008	-10.132	-6.8564	1.1403
1009	-15.739	-5.042	0.15711
1010	-11.224	-10.791	1.0105
1011	-12.792	19.136	0.57735
1012	-6.881	-13.254	1.8812
1013	-13.792	-6.6021	1.0734
1014	-14.949	-2.461	0.93503
1015	-12.557	-5.8585	1.5875
1016	-4.1789	-5.9209	0.75794
1017	-16.678	-20.533	0.96416
1018	-9.3333	-4.3523	0.032735
1019	-9.4505	-4.4695	0.02783
1020	-9.3333	-4.4109	0.031076
1021	-9.3919	-4.3523	0.029376
1022	-9.4505	-4.4109	0.027778
1023	-9.3919	-4.4695	0.027764
1024	-7.1377	-7.992	0.49896
1025	-13.85	-4.9098	1.3223
1026	-12.356	-10.152	0.45236
1027	-12.356	21.259	1.9143
1028	-2.9863	-32.467	0.70427
1029	-13.842	-5.88	1.2095
1030	-16.403	0.5304	1.782
1031	-13.559	-6.5857	1.0872
1032	-16.539	-4.3596	0.39988
1033	-20.565	-26.958	1.4283
1034	-9.3626	-4.3816	0.029583
1035	-9.4212	-4.4402	0.027127
1036	-5.1446	-7.7355	0.73378
1037	-11.436	-4.7357	1.4553
1038	-12.499	-9.9697	0.34518
1039	-11.196	12.857	1.261
1040	-9.4609	-36.084	2.275
1041	-13.969	-6.0029	1.1331
1042	-15.177	0.14919	1.915
1043	-14.008	-6.7849	1.0496
1044	-16.147	-2.9352	0.62955
1045	-7.5959	-21.415	1.3446
1046	-9.3919	-4.4109	0.027712
1047	-9.4505	-4.4695	0.02783
1048	-9.3919	-4.4402	0.027523
1049	-9.4212	-4.4109	0.027316
1050	-9.4505	-4.4402	0.027589
1051	-9.4212	-4.4695	0.027368
1052	-7.3451	-6.1937	1.1822
1053	-7.9361	-4.4758	0.93879
1054	-11.645	-8.8312	0.44928
1055	-11.14	0.91917	0.91657
1056	-17.388	-33.69	1.3313
1057	-14.125	-7.1715	1.0586
1058	-11.176	-4.7018	1.2133
1059	-15.858	-6.5126	0.96759
1060	-2.2198	-2.5587	0.8601
1061	10.2	-13.399	0.35756
1062	-9.4066	-4.4256	0.027258
1063	-9.4358	-4.4549	0.027317
1064	-9.4066	-4.4402	0.027218
1065	-9.4212	-4.4256	0.027168
1066	-9.4358	-4.4402	0.027251
1067	-9.4212	-4.4549	0.027193
1068	-11.649	-4.051	1.6231
1069	-5.6563	-4.2344	1.8136
1070	-10.235	-7.7779	1.5299
1071	-12.805	-7.4362	0.55047
1072	-23.619	-12.958	1.2369
1073	-15.986	-8.642	2.0299
1074	-7.677	-10.921	1.0214
1075	-18.701	-5.7577	1.6872
1076	9.8045	-2.8908	0.60276
1077	25.145	-2.1496	1.1084
1078	-9.4139	-4.4329	0.027152
1079	-9.4285	-4.4475	0.027182
1080	-9.4139	-4.4402	0.027145
1081	-9.4212	-4.4329	0.027134
1082	-9.4285	-4.4402	0.027162
1083	-9.4212	-4.4475	0.027147
1084	-15.576	-2.6447	0.77013
1085	-5.9683	-4.1108	1.9379
1086	-8.8354	-7.9835	1.7032
1087	-15.355	-6.7197	1.107
1088	-28.2	9.9307	1.9607
1089	-16.953	-8.4683	1.3957
1090	-4.9141	-13.79	1.2434
1091	-16.952	-5.5619	0.85388
1092	11.94	-3.7772	1.761
1093	29.084	3.7341	0.61009
1094	-9.4175	-4.4366	0.027129
1095	-9.4249	-4.4439	0.027144
1096	-9.4175	-4.4402	0.027129
1097	-9.4212	-4.4366	0.027127
1098	-9.4249	-4.4402	0.027138
1099	-9.4212	-4.4439	0.027133
1100	-17.286	-3.3714	1.0829
1101	-7.2832	-4.1283	1.5445
1102	-7.9902	-7.7021	1.1217
1103	-14.894	-3.9753	0.40974
1104	-25.351	23.399	1.9507
1105	-16.315	-6.5501	1.011
1106	-3.9203	-15.001	0.7904
1107	-14.374	-5.7023	0.91201
1108	10.895	-4.8509	0.93925
1109	22.741	5.4501	0.58255
1110	-9.4194	-4.4384	0.027126
1111	-13.79	-4.9787	1.3698
1112	-9.5201	-4.424	0.032183
1113	-7.8697	-7.9742	1.0439
1114	-13.892	2.0314	1.0167
1115	-15.548	23.65	0.67943
1116	-14.48	-4.8447	0.73549
1117	-5.9068	-14.161	1.8325
1118	-13.547	-6.0772	1.2794
1119	0.9261	-5.524	1.4416
1120	3.5777	-1.0525	1.6702
1121	-9.4175	-4.4366	0.027129
1122	-9.4212	-4.4402	0.027127
1123	-9.4175	-4.4384	0.027129
1124	-9.4194	-4.4366	0.027127
1125	-9.4212	-4.4384	0.027126
1126	-9.4194	-4.4402	0.027126
1127	-8.5862	-7.271	1.3097
1128	-11.415	-4.688	1.4395
1129	-9.0783	-9.2563	1.9505
1130	-13.377	7.9476	0.51776
1131	-7.9864	16.617	1.1754
1132	-10.785	-4.6814	0.82858
1133	-11.723	-6.1403	1.2846
1134	-12.351	-6.1323	1.4064
1135	-7.206	-5.4527	1.4765
1136	-10.922	-10.182	1.1005
1137	-9.4185	-4.4375	0.027127
1138	-9.4203	-4.4393	0.027126
1139	-4.797	-8.1491	0.9491
1140	-12.334	-4.7837	1.9887
1141	-10.442	-11.274	0.99732
1142	-12.199	9.84	0.33254
1143	-3.0944	1.0027	1.7608
1144	-7.765	-5.2675	1.0962
1145	-16.984	0.52521	1.3427
1146	-12.899	-6.5412	1.1345
1147	-8.782	-4.6129	0.22993
1148	-16.659	-18.158	1.711
1149	-9.4194	-4.4384	0.027126
1150	-9.4212	-4.4402	0.027127
1151	-9.4194	-4.4393	0.027126
1152	-9.4203	-4.4384	0.027125
1153	-3.5927	-8.4235	1.8733
1154	-11.878	-4.7235	1.798
1155	-11.177	-10.838	1.0264
1156	-9.8688	10.389	1.4906
1157	0.2812	-15.615	1.0167
1158	-10.199	-7.1236	1.2668
1159	-17.516	0.93014	0.89086
1160	-14.746	-6.5695	1.0268
1161	-6.1022	-3.7204	1.8708
1162	-11.282	-22.098	1.4357
1163	-9.4194	-4.4375	0.027126
1164	-9.4212	-4.4393	0.027126
1165	-9.4194	-4.4384	0.027126
1166	-9.4203	-4.4375	0.027126
1167	-9.4212	-4.4384	0.027126
1168	-9.4203	-4.4393	0.027126
1169	-7.2976	-7.7353	0.66548
1170	-10.239	-4.5141	0.34538
1171	-10.983	-9.7143	1.0644
1172	-8.3231	4.264	0.57339
1173	-6.0335	-24.096	1.3846
1174	-13.246	-8.4785	0.31629
1175	-12.178	-1.3542	0.50482
1176	-15.269	-6.4556	0.9356
1177	0.22453	-3.2834	1.6679
1178	3.766	-16.046	1.3467
1179	-9.4198	-4.4379	0.027125
1180	-9.4207	-4.4388	0.027126
1181	-9.4198	-4.4384	0.027125
1182	-9.4203	-4.4379	0.027125
1183	-9.4207	-4.4384	0.027126
1184	-9.4203	-4.4388	0.027125
1185	-12.537	-6.8993	0.88588
1186	-8.5702	-4.2658	0.37152
1187	-10.14	-9.3415	1.7633
1188	-9.6086	1.2353	1.6548
1189	-17.518	-26.8	1.0209
1190	-16.312	-7.8252	1.6841
1191	-7.221	-7.8073	0.60052
1192	-15.214	-6.4026	0.90615
1193	7.2531	-3.3361	1.4169
1194	15.501	-10.178	1.6836
1195	-9.4201	-4.4382	0.027125
1196	-16.555	-6.4286	0.969
1197	-7.7199	-4.0862	1.1486
1198	-9.0382	-8.7254	1.9597
1199	-12.324	-1.8803	0.8069
1200	-25.355	-25.032	0.91842
1201	-15.703	-6.5879	1.0185
1202	-4.9247	-13.556	1.26
1203	-16.334	-6.7556	1.1304
1204	7.7461	-3.5046	1.1029
1205	15.681	-3.1871	0.43324
1206	-9.4198	-4.4379	0.027125
1207	-9.4203	-4.4384	0.027125
1208	-9.4198	-4.4382	0.027125
1209	-9.4201	-4.4379	0.027125
1210	-9.4203	-4.4382	0.027125
1211	-9.4201	-4.4384	0.027125
1212	-15.818	-5.2049	0.21623
1213	-8.0138	-4.1503	0.86466
1214	-8.3511	-8.9778	1.5135
1215	-14.164	-0.27211	1.0762
1216	-25.889	-11.697	1.4961
1217	-15.139	-5.0696	0.30254
1218	-3.1405	-16.545	1.7178
1219	-18.039	-7.0308	0.91719
1220	1.8886	-4.2447	0.69595
1221	5.2148	-2.3539	1.0532
1222	-9.4198	-4.4382	0.027125
1223	-9.4203	-4.4386	0.027125
1224	-9.4198	-4.4384	0.027125
1225	-9.4201	-4.4382	0.027125
1226	-9.4203	-4.4384	0.027125
1227	-9.4201	-4.4386	0.027125
1228	-12.535	-4.6105	2.0371
1229	-9.2395	-4.247	0.052379
1230	-8.0528	-10.327	1.1464
1231	-15.463	1.6286	1.4553
1232	-18.31	2.66	1.3474
1233	-13.833	-5.2305	1.3088
1234	-6.1646	-12.687	1.9422
1235	-16.274	-6.9784	1.2643
1236	-6.5016	-4.8931	1.9437
1237	-6.4908	-5.09	1.8949
1238	-9.4199	-4.4383	0.027125
1239	-9.4202	-4.4385	0.027125
1240	-9.4199	-4.4384	0.027125
1241	-9.4201	-4.4383	0.027125
1242	-9.4202	-4.4384	0.027125
1243	-9.4201	-4.4385	0.027125
1244	-9.6073	-4.9219	0.10162
1245	-10.365	-4.4481	0.44194
1246	-8.1286	-11.101	1.0484
1247	-16.176	3.4463	0.3884
1248	-9.834	14.761	0.59279
1249	-12.195	-5.4863	1.7341
1250	-13.011	-5.2392	1.8125
1251	-13.176	-6.6804	1.0452
1252	-10.986	-5.0204	1.0272
1253	-15.973	-10.494	1.4969
1254	-9.4199	-4.4384	0.027125
1255	-9.4202	-4.4386	0.027125
1256	-9.4199	-4.4385	0.027125
1257	-9.4201	-4.4384	0.027125
1258	-9.4202	-4.4385	0.027125
1259	-9.4201	-4.4386	0.027125
1260	-7.8543	-6.7057	1.0267
1261	-10.907	-4.6228	0.94755
1262	-9.2595	-11.98	0.48651
1263	-16.721	8.9788	1.6185
1264	-3.8759	12.991	0.32476
1265	-11.248	-6.7593	1.0263
1266	-18.345	-0.073133	0.20984
1267	-13.065	-6.4404	1.1915
1268	-6.9867	-4.6826	1.7693
1269	-15.956	-15.21	0.89025
1270	-9.42	-4.4384	0.027125
1271	-9.4201	-4.4386	0.027125
1272	-9.42	-4.4385	0.027125
1273	-9.4201	-4.4384	0.027125
1274	-8.1674	-7.2396	1.1518
1275	-10.736	-4.6519	0.7799
1276	-10.303	-12.471	0.54061
1277	-16.284	12.74	0.3399
1278	-5.2838	2.3884	1.0721
1279	-11.214	-7.2812	0.95311
1280	-22.237	-0.51387	2.0302
1281	-14.5	-6.179	0.94279
1282	2.3651	-4.3378	0.29469
1283	-9.2615	-13.478	0.085646
1284	-9.42	-4.4384	0.027125
1285	-9.4201	-4.4385	0.027125
1286	-9.42	-4.4384	0.027125
1287	-9.4201	-4.4384	0.027125
1288	-9.4201	-4.4384	0.027125
1289	-9.4201	-4.4385	0.027125
1290	-10.68	-7.7741	1.2631
1291	-9.7124	-4.5899	0.075102
1292	-11.124	-12.494	1.1763
1293	-15.566	8.0379	1.8941
1294	-11.928	-13.659	1.8632
1295	-12.705	-8.1137	0.21036
1296	-22.761	-5.3565	0.56349
1297	-15.812	-5.9371	0.58215
1298	6.5293	-3.9552	1.9273
1299	-3.4352	-9.107	1.9692
1300	-9.42	-4.4384	0.027125
1301	-9.4201	-4.4385	0.027125
1302	-9.42	-4.4384	0.027125
1303	-9.4201	-4.4384	0.027125
1304	-9.4201	-4.4384	0.027125
1305	-9.4201	-4.4385	0.027125
1306	-13.121	-8.2114	0.30481
1307	-8.7154	-4.4537	0.26518
1308	-11.208	-11.248	1.084
1309	-12.853	4.1237	1.9806
1310	-17.673	-24.249	1.2757
1311	-14.923	-9.0306	1.7798
1312	-17.581	-11.04	1.0937
1313	-15.78	-6.4782	0.94182
1314	9.9481	-3.6948	0.28038
1315	-0.23192	-5.4067	1.7632
1316	-9.42	-4.4384	0.027125
1317	-9.4201	-4.4385	0.027125
1318	-13.583	-8.4378	0.56367
1319	-8.2978	-4.3265	0.59396
1320	-9.8215	-9.8821	1.7513
1321	-10.779	2.2046	1.0328
1322	-19.343	-18.212	0.33824
1323	-16.1	-9.2748	1.9758
1324	-10.125	-13.212	0.30744
1325	-13.953	-7.2651	0.9865
1326	11.566	-3.702	1.5042
1327	-0.28479	-2.9572	1.4793
1328	-9.4201	-4.4384	0.027125
1329	-9.4201	-4.4385	0.027125
1330	-9.4201	-4.4385	0.027125
1331	-9.4201	-4.4384	0.027125
1332	-12.831	-7.7537	0.38406
1333	-8.2834	-4.2491	0.60923
1334	-8.4406	-8.5499	1.5741
1335	-10.647	-0.69148	1.3302
1336	-16.471	-6.6677	1.0806
1337	-15.458	-8.7231	2.0412
1338	-3.5871	-11.632	0.70973
1339	-10.796	-7.1214	1.1049
1340	5.4394	-4.2105	1.6675
1341	-6.5234	-4.3166	1.9827
1342	-9.4201	-4.4384	0.027125
1343	-9.4201	-4.4385	0.027125
1344	-9.4201	-4.4384	0.027125
1345	-9.4201	-4.4384	0.027125
1346	-9.4201	-4.4384	0.027125
1347	-9.4201	-4.4385	0.027125
1348	-11.715	-7.0136	0.88551
1349	-8.5642	-4.1944	0.38075
1350	-7.939	-7.4673	1.0754
1351	-10.551	1.7494	1.1695
1352	-12.09	3.478	1.7294
1353	-12.148	-6.259	1.305
1354	1.4334	-8.8538	0.8832
1355	-7.8348	-6.934	1.0237
1356	-0.72903	-4.7305	1.7362
1357	-13.255	-6.7127	1.0288
1358	-10.942	-5.2279	0.99168
1359	-9.3991	-4.3027	0.031951
1360	-8.47	-5.0999	0.50786
1361	-10.896	4.9033	0.94178
1362	-10.666	10.003	1.2812
1363	-8.7466	-4.6878	0.25753
1364	4.2621	-5.3657	0.66593
1365	-7.9234	-7.1838	1.0535
1366	-8.2504	-5.0026	0.66698
1367	-16.568	-8.3166	1.686
1368	-9.9298	-3.6925	0.27322
1369	-10.142	-4.4404	0.27713
1370	-9.4178	-6.1795	0.69555
1371	-11.523	7.6141	0.73441
1372	-10.112	3.1613	0.55137
1373	-9.5099	-3.5504	0.2213
1374	-0.45709	-2.6846	1.2905
1375	-12.422	-6.4999	1.1639
1376	-11.944	-4.838	1.8223
1377	-16.28	-9.7063	1.7929
1378	-9.8041	-3.7692	0.20209
1379	-10.683	-4.5599	0.72774
1380	-10.25	-8.6965	1.7178
1381	-12.665	9.8305	0.28302
1382	-13.364	-5.0197	1.6923
1383	-14.246	-3.2052	0.98398
1384	-12.244	-3.2993	1.6951
1385	-18.183	-6.3406	1.271
1386	-9.7942	-4.347	0.098316
1387	-13.348	-11.227	1.136
1388	-10.234	-4.8248	0.3669
1389	-10.948	-4.641	0.98867
1390	-10.325	-11.834	0.75632
1391	-14.818	11.788	0.79838
1392	-15.516	-11.974	0.5312
1393	-18.568	-5.2939	1.8851
1394	-21.43	-5.8575	0.66611
1395	-20.02	-5.8616	1.3183
1396	-7.8315	-3.961	1.0405
1397	-8.9473	-12.444	0.33868
1398	-10.556	-6.2097	0.90302
1399	-10.333	-4.59	0.41976
1400	-9.9016	-12.017	0.52747
1401	-14.92	12.377	0.54272
1402	-16.576	-15.298	1.0127
1403	-19.175	-8.5421	0.19051
1404	-23.779	-9.0133	0.94684
1405	-19.883	-6.2471	1.2575
1406	-7.0373	-4.004	1.7104
1407	-5.2638	-11.489	1.1798
1408	-11.488	-7.7446	0.7207
1409	-9.4086	-4.4442	0.0272
1410	-9.3715	-9.6025	1.9181
1411	-12.547	7.2229	0.66768
1412	-14.79	-16.835	1.6045
1413	-16.396	-10.769	1.2793
1414	-17.713	-10.709	0.99022
1415	-18.467	-6.958	0.90612
1416	-7.2832	-4.2414	1.5526
1417	-5.4612	-8.7089	0.35099
1418	-12.267	-8.6636	0.11273
1419	-8.608	-4.3134	0.34148
1420	-8.9264	-5.5879	0.42189
1421	-10.832	0.85431	1.1636
1422	-12.095	-13.722	1.9403
1423	-13.352	-10.219	0.65507
1424	-9.2723	-10.602	1.395
1425	-17.187	-7.697	1.15
1426	-8.3195	-4.4915	0.57368
1427	-7.4554	-5.8296	1.2384
1428	-12.166	-8.088	0.27525
1429	-8.0105	-4.2802	0.86575
1430	-8.8329	-5.6725	0.49209
1431	-9.7831	-2.1719	1.0579
1432	-11.977	-9.0589	0.23137
1433	-10.284	-7.5227	1.4131
1434	-2.5653	-7.2533	1.354
1435	-14.203	-8.3779	1.1293
1436	-9.5168	-4.6265	0.040608
1437	-9.5319	-6.2843	0.76861
1438	-11.27	-6.5945	1.056
1439	-8.2688	-4.377	0.61932
1440	-9.173	-5.7642	0.4537
1441	-9.3652	2.6046	0.75649
1442	-12.817	-4.1839	1.9981
1443	-7.9815	-4.4775	0.89385
1444	-0.24436	-3.4346	1.7369
1445	-11.333	-8.1469	0.76216
1446	-10.53	-4.7144	0.59237
1447	-11.197	-6.6288	1.0473
1448	-10.718	-5.6503	0.85671
1449	-8.7772	-4.5071	0.22763
1450	-9.6797	-7.6294	1.6483
1451	-11.56	8.0954	0.59595
1452	-12.706	-2.2089	1.0328
1453	-9.1371	-2.8767	0.59434
1454	-4.3239	-1.7033	1.1411
1455	-8.7049	-7.7411	1.5527
1456	-10.611	-4.7683	0.66852
1457	-11.772	-7.9693	0.49209
1458	-10.814	-5.1945	0.87995
1459	-9.8476	-4.5867	0.12227
1460	-9.976	-9.9621	1.6665
1461	-15.649	9.4374	2.0068
1462	-12.683	-3.3383	1.7483
1463	-12.08	-4.2536	1.9172
1464	-13.08	-1.875	0.8324
1465	-9.335	-6.3509	0.81292
1466	-10.346	-4.7106	0.43799
1467	-11.124	-9.1462	0.92553
1468	-10.859	-5.619	0.9458
1469	-10.533	-4.5942	0.58931
1470	-9.8968	-12.513	0.31689
1471	-17.511	10.003	0.93998
1472	-14.298	-5.4527	0.93722
1473	-16.173	-7.5251	1.5905
1474	-19.112	-3.8349	1.9729
1475	-14.667	-4.5035	0.55416
1476	-9.5186	-4.5512	0.035139
1477	-9.5464	-9.9429	1.7755
1478	-10.766	-5.8449	0.91268
1479	-10.41	-4.49	0.47984
1480	-9.7903	-11.769	0.63726
1481	-16.244	4.5457	0.2135
1482	-16.919	-7.9849	1.3707
1483	-16.842	-9.5111	1.476
1484	-19.442	-6.0067	1.4754
1485	-18.517	-4.3755	2.0348
1486	-8.7912	-4.3748	0.21915
1487	-8.0713	-9.1499	1.249
1488	-10.916	-6.3046	1.0197
1489	-10.032	-4.3645	0.20966
1490	-9.5457	-10.568	1.4203
1491	-12.271	-1.6724	0.67625
1492	-17.851	-9.5632	0.62215
1493	-14.816	-9.5081	1.6457
1494	-13.867	-8.1077	0.83697
1495	-20.346	-5.3719	1.1698
1496	-8.6087	-4.2917	0.34197
1497	-7.2109	-7.2491	0.78519
1498	-10.979	-6.5855	1.0401
1499	-9.4753	-4.3111	0.032697
1500	-9.2581	-9.005	2.0243
1501	-8.4481	-7.5165	1.3492
1502	-17.264	-9.5103	1.1107
1503	-12.002	-7.7665	0.4573
1504	-7.8461	-9.2681	1.0292
1505	-20.075	-7.0231	1.028
1506	-8.7782	-4.2439	0.23349
1507	-6.9757	-6.8273	0.93531
1508	-11.441	-5.893	1.265
1509	-8.971	-4.3376	0.12851
1510	-9.1139	-5.8126	0.48988
1511	-6.7737	-8.5171	0.1773
1512	-14.718	-7.0261	1.2053
1513	-11.868	-5.2202	1.6949
1514	-4.779	-7.813	0.97263
1515	-17.796	-7.5544	0.80252
1516	-9.4156	-4.3063	0.031502
1517	-8.4265	-6.6729	1.0322
1518	-11.507	-5.5585	1.3856
1519	-8.8344	-4.4258	0.19374
1520	-9.1469	-3.4511	0.28918
1521	-7.5205	-3.4455	1.2663
1522	-12.172	-4.1546	1.9455
1523	-14.247	-3.286	0.97876
1524	-5.1047	-5.1065	1.354
1525	-15.969	-7.0136	1.3122
1526	-9.9726	-4.4229	0.17615
1527	-9.8752	-7.556	1.5694
1528	-10.823	-5.1935	0.88802
1529	-9.0634	-4.509	0.091235
1530	-9.3422	-5.5786	0.33745
1531	-10.809	4.3693	0.84881
1532	-12.479	-1.7648	0.72362
1533	-16.387	-3.1432	0.59751
1534	-9.9311	-4.212	0.16618
1535	-12.117	-5.6838	1.6203
1536	-10.142	-4.4988	0.27781
1537	-10.934	-9.8106	1.1031
1538	-10.396	-5.3928	0.59286
1539	-9.3923	-4.5423	0.030211
1540	-9.5492	-9.4582	1.9573
1541	-14.172	13.209	1.0587
1542	-12.286	-2.644	1.3223
1543	-16.436	-4.0102	0.35955
1544	-15.199	-5.6169	0.47631
1545	-10.695	-5.2048	0.78159
1546	-9.8752	-4.528	0.13087
1547	-11.082	-11.462	1.0851
1548	-10.291	-5.9601	0.7259
1549	-9.6934	-4.484	0.0648
1550	-9.6906	-11.818	0.59333
1551	-17.6	14.582	1.3304
1552	-13.905	-6.5112	1.0838
1553	-13.603	-5.1086	1.5068
1554	-17.714	-6.5381	1.1267
1555	-11.973	-5.849	1.4962
1556	-9.4383	-4.4369	0.027292
1557	-10.676	-10.751	1.1357
1558	-10.596	-6.2813	0.93389
1559	-9.8077	-4.3991	0.10175
1560	-9.6241	-13.288	0.0875
1561	-17.102	12.276	0.98149
1562	-15.153	-9.9226	1.7135
1563	-9.9839	-7.0125	1.2438
1564	-18.364	-7.2012	0.76959
1565	-14.194	-7.2061	1.0848
1566	-9.0566	-4.3577	0.093974
1567	-9.806	-8.2165	1.8671
1568	-10.46	-6.3388	0.92103
1569	-9.8309	-4.3484	0.11228
1570	-9.4866	-11.027	1.1095
1571	-14.75	7.3177	1.3244
1572	-14.897	-11.3	0.99376
1573	-10.609	-8.2689	1.3872
1574	-12.904	-7.3041	0.64248
1575	-17.915	-7.6727	0.70617
1576	-8.8391	-4.3209	0.19393
1577	-8.8193	-7.6205	1.5485
1578	-11.089	-6.8686	1.0291
1579	-9.7059	-4.351	0.06957
1580	-9.4225	-9.8176	1.8369
1581	-13.086	3.4874	1.7231
1582	-14.435	-9.4966	1.3412
1583	-13.257	-9.3616	0.33835
1584	-7.3081	-7.053	0.8849
1585	-19.713	-7.4137	0.78264
1586	-8.8743	-4.3389	0.1744
1587	-8.0363	-6.7517	1.0387
1588	-11.143	-7.2363	0.98625
1589	-9.4228	-4.3811	0.027953
1590	-9.4349	-8.0237	1.8582
1591	-10.349	0.0088834	1.6289
1592	-13.776	-6.2625	1.1562
1593	-16.047	-8.528	1.9957
1594	-3.9895	-7.6165	1.431
1595	-18.283	-6.4112	1.2441
1596	-9.1969	-4.4297	0.051944
1597	-8.1844	-5.7725	0.8338
1598	-10.768	-6.7245	1.0499
1599	-9.1752	-4.4293	0.056967
1600	-9.4732	-6.106	0.6476
1601	-9.6116	-1.6946	1.3814
1602	-12.875	-3.6699	1.8587
1603	-18.977	-7.4107	0.60423
1604	-3.8832	-7.8635	1.5722
1605	-13.023	-5.482	1.7159
1606	-9.5639	-4.5132	0.038842
1607	-8.7866	-8.6179	1.8267
1608	-10.286	-6.3292	0.88353
1609	-9.068	-4.475	0.088772
1610	-9.5625	-6.532	0.941
1611	-12.021	-1.8325	0.80475
1612	-13.312	-2.3505	1.1126
1613	-20.605	-5.9655	1.0279
1614	-6.7121	-6.9075	0.86761
1615	-10.678	-5.1576	0.76195
1616	-9.8039	-4.5572	0.10326
1617	-9.6598	-11.584	0.73507
1618	-10.283	-6.8329	1.1158
1619	-9.0937	-4.5001	0.080833
1620	-9.6057	-7.0419	1.295
1621	-15.304	2.3467	0.9786
1622	-14.77	-4.2178	0.47535
1623	-18.835	-5.3401	1.9011
1624	-10.936	-5.9725	1.0106
1625	-10.896	-5.0066	0.94464
1626	-9.7052	-4.5495	0.070519
1627	-10.4	-12.499	0.59853
1628	-10.497	-7.2873	1.2447
1629	-9.2946	-4.4829	0.035478
1630	-9.5688	-7.318	1.4776
1631	-17.122	4.3598	0.92186
1632	-15.182	-7.869	1.7239
1633	-17.195	-4.8042	0.99842
1634	-14.981	-4.9596	0.36452
1635	-13.553	-5.9987	1.3049
1636	-9.4115	-4.4766	0.027527
1637	-10.472	-12.044	0.75612
1638	-10.921	-7.9256	1.1031
1639	-9.5128	-4.4391	0.031424
1640	-9.5053	-7.9194	1.8113
1641	-17.873	4.9164	1.6147
1642	-15.471	-10.989	1.1713
1643	-13.512	-4.3565	1.6345
1644	-16.331	-4.4924	0.26026
1645	-16.804	-6.1684	0.92297
1646	-9.1696	-4.4005	0.058671
1647	-9.7998	-12.006	0.50749
1648	-10.791	-7.2566	1.1249
1649	-9.6538	-4.401	0.054682
1650	-9.4715	-10.328	1.5721
1651	-15.298	8.6256	1.9788
1652	-15.144	-12.761	0.32016
1653	-10.432	-6.1541	0.8482
1654	-16.661	-4.4168	0.49552
1655	-17.804	-5.8626	1.3569
1656	-9.018	-4.3538	0.10847
1657	-8.9586	-11.366	0.88971
1658	-10.858	-6.5082	1.0249
1659	-9.6935	-4.3885	0.064899
1660	-9.4948	-12.083	0.42415
1661	-12.835	10.352	0.57702
1662	-13.28	-10.842	0.93221
1663	-9.7777	-7.7209	1.6765
1664	-12.668	-5.0235	1.9586
1665	-16.132	-5.7022	0.49996
1666	-9.155	-4.3494	0.063971
1667	-8.4289	-8.3412	1.5391
1668	-10.771	-6.0403	0.94315
1669	-9.5494	-4.4047	0.03577
1670	-9.5341	-11.749	0.62143
1671	-10.532	5.2291	0.65501
1672	-12.397	-8.2101	0.17993
1673	-11.321	-8.4716	0.74423
1674	-7.5832	-7.3557	0.90231
1675	-12.429	-5.3497	1.8396
1676	-9.4466	-4.3688	0.028692
1677	-8.4297	-6.5675	0.99128
1678	-10.255	-5.719	0.61626
1679	-9.3468	-4.4383	0.029806
1680	-9.5812	-9.4804	1.9472
1681	-10.454	-3.9363	0.54833
1682	-11.899	-4.8772	1.79
1683	-14.119	-8.4645	1.0503
1684	-5.9074	-9.1677	0.11795
1685	-8.457	-5.5129	0.61306
1686	-9.6881	-4.4323	0.062868
1687	-8.7999	-8.3089	1.7811
1688	-10.503	-5.8044	0.76607
1689	-9.2014	-4.4674	0.051149
1690	-9.5723	-7.3455	1.4946
1691	-12.349	-11.637	1.4294
1692	-11.371	-3.2254	1.2741
1693	-16.134	-8.1717	1.8786
1694	-7.9717	-10.201	1.1121
1695	-8.4475	-5.8118	0.7092
1696	-9.7776	-4.49	0.091062
1697	-9.3552	-10.521	1.4514
1698	-10.286	-6.2089	0.82994
1699	-9.2091	-4.4754	0.049631
1700	-9.5383	-7.1016	1.3377
1701	-15.25	-16.706	1.7821
1702	-13.256	-3.6685	1.706
1703	-16.773	-6.2794	0.9499
1704	-12.42	-9.7446	0.24986
1705	-13.758	-6.5971	1.0758
1706	-9.7737	-4.5191	0.090598
1707	-9.8083	-11.168	1.0152
1708	-10.05	-6.3411	0.85157
1709	-9.2619	-4.4717	0.039885
1710	-9.4741	-6.8464	1.1624
1711	-17.374	-6.2513	1.1126
1712	-16.523	-4.3881	0.38755
1713	-16.609	-4.8445	0.47868
1714	-15.603	-8.8552	2.0747
1715	-16.665	-7.3013	1.3334
1716	-9.5547	-4.5199	0.037827
1717	-9.9753	-11.929	0.59282
1718	-10.826	-6.4266	1.0115
1719	-9.3227	-4.4491	0.031889
1720	-9.4189	-8.0537	1.8702
1721	-15.514	5.06	0.17733
1722	-19.837	-7.1984	0.90816
1723	-16.082	-5.3994	0.34593
1724	-15.492	-5.9977	0.62542
1725	-17.801	-7.0378	0.96131
1726	-9.2484	-4.4693	0.042058
1727	-9.876	-10.713	1.3004
1728	-10.883	-5.8469	0.97682
1729	-9.4022	-4.4263	0.027322
1730	-9.3733	-10.58	1.4135
1731	-13.776	16.215	0.95329
1732	-20.51	-9.3616	1.2115
1733	-14.712	-7.3946	1.3362
1734	-14.104	-4.16	1.0862
1735	-18.697	-6.9672	0.88948
1736	-9.1073	-4.4125	0.075804
1737	-9.5861	-7.5821	1.6339
1738	-10.924	-6.2774	1.0205
1739	-9.4825	-4.413	0.029234
1740	-9.4656	-10.097	1.7026
1741	-12.384	24.658	1.0365
1742	-19.219	-8.8313	0.17994
1743	-15.336	-8.9049	2.0102
1744	-12.473	-3.4809	1.816
1745	-16.327	-6.5355	1.0032
1746	-9.186	-4.3704	0.055524
1747	-9.1808	-5.7631	0.45203
1748	-10.902	-5.9075	0.99095
1749	-9.5292	-4.4225	0.033146
1750	-9.5727	-8.7339	2.0254
1751	-11.493	22.12	1.6314
1752	-17.232	-7.9508	1.1271
1753	-15.64	-9.8244	1.8712
1754	-9.6518	-4.2381	0.063635
1755	-13.356	-6.7479	1.0144
1756	-9.3052	-4.3837	0.034462
1757	-8.9258	-6.9622	1.2156
1758	-10.589	-5.5847	0.76248
1759	-9.5601	-4.4402	0.036918
1760	-9.6659	-7.1071	1.3351
1761	-12.125	16.261	0.66757
1762	-13.068	-5.9749	1.4623
1763	-16.394	-9.6246	1.7611
1764	-7.1261	-4.9199	1.6466
1765	-10.381	-7.3258	1.3004
1766	-9.5317	-4.4298	0.033369
1767	-8.8443	-8.7215	1.8691
1768	-10.36	-6.3994	0.92645
1769	-9.5198	-4.4539	0.032153
1770	-9.7037	-5.1623	0.19057
1771	-13.032	2.4785	1.2055
1772	-8.9609	-3.7658	0.22982
1773	-16.256	-7.7518	1.6747
1774	-6.9494	-5.155	1.7073
1775	-9.0506	-7.68	1.6477
1776	-9.6707	-4.4729	0.058699
1777	-9.0231	-11.011	1.1131
1778	-10.692	-7.3078	1.1734
1779	-9.467	-4.4612	0.028357
1780	-9.6621	-4.1697	0.073806
1781	-14.28	-9.5712	1.1999
1782	-10.424	-3.4751	0.61117
1783	-13.25	-5.5995	1.5818
1784	-8.512	-5.1602	0.49021
1785	-10.33	-6.6645	1.0379
1786	-9.6398	-4.4866	0.051754
1787	-9.2703	-11.853	0.55944
1788	-10.761	-7.9964	1.2326
1789	-9.3926	-4.4559	0.027578
1790	-9.5187	-3.4272	0.27594
1791	-15.173	-10.583	1.3971
1792	-13.57	-3.833	1.5376
1793	-11.248	-3.7775	1.2576
1794	-10.14	-4.6036	0.28082
1795	-13.881	-5.4623	1.2463
1796	-9.4957	-4.456	0.030064
1797	-9.5161	-9.5454	1.9349
1798	-10.393	-7.2593	1.2717
1799	-9.3476	-4.4391	0.029754
1800	-9.427	-3.0744	0.45738
1801	-15.328	-4.7813	0.16241
1802	-17.839	-5.1941	1.5448
1803	-12.581	-4.5641	2.041
1804	-11.148	-3.936	1.1773
1805	-16.927	-5.0993	0.76977
1806	-9.3352	-4.421	0.030802
1807	-9.6228	-6.1044	0.65436
1808	-9.9707	-6.7208	1.0703
1809	-9.3545	-4.4241	0.02933
1810	-9.4244	-3.2631	0.3531
1811	-14.4	3.9257	0.81316
1812	-20.814	-6.497	1.0736
1813	-15.238	-6.4848	0.95565
1814	-11.098	-3.6256	1.1199
1815	-20.12	-5.6524	1.303
1816	-9.2552	-4.4058	0.040953
1817	-9.6711	-4.2748	0.06499
1818	-10.503	-6.4676	0.97245
1819	-9.3816	-4.4197	0.027953
1820	-9.5186	-3.5512	0.22164
1821	-11.233	13.22	1.3095
1822	-19.502	-7.3457	0.7403
1823	-15.37	-8.3822	1.9607
1824	-10.771	-3.6265	0.84588
1825	-17.112	-6.5016	1.0648
1826	-9.2929	-4.4093	0.035412
1827	-9.6344	-2.7046	0.69735
1828	-11.637	-5.6921	1.4218
1829	-9.4249	-4.428	0.027164
1830	-9.6155	-4.1637	0.064653
1831	-9.3102	20.074	1.0657
1832	-16.742	-6.7307	1.1054
1833	-13.697	-8.7937	0.64107
1834	-9.4709	-4.061	0.063809
1835	-14.179	-7.0578	1.0741
1836	-9.3782	-4.4321	0.028012
1837	-9.5877	-1.4864	1.5137
1838	-12.157	-6.2699	1.2993
1839	-9.4591	-4.4418	0.027891
1840	-9.6064	-4.7522	0.0686
1841	-9.6095	13.168	0.089782
1842	-13.425	-5.5115	1.5285
1843	-12.385	-7.8865	0.30583
1844	-8.4004	-4.621	0.50747
1845	-11.816	-6.8728	0.93931
1846	-9.4724	-4.4528	0.028549
1847	-9.561	-1.9529	1.2108
1848	-12.148	-6.6228	1.0747
1849	-9.4682	-4.4523	0.028334
1850	-9.585	-5.0566	0.13368
1851	-9.8275	-1.0465	1.7038
1852	-10.63	-4.4127	0.67599
1853	-10.936	-6.6334	1.0396
1854	-8.44	-5.0742	0.52538
1855	-9.6162	-6.2728	0.76459
1856	-9.5278	-4.4637	0.033087
1857	-9.5642	-3.8247	0.12935
1858	-11.288	-6.907	0.99452
1859	-9.4444	-4.4544	0.027486
1860	-9.4859	-4.9443	0.092547
1861	-9.862	-14.221	0.34328
1862	-11.066	-5.1012	1.0996
1863	-10.631	-5.0426	0.70959
1864	-9.09	-5.0224	0.16068
1865	-9.119	-5.9144	0.54721
1866	-9.4898	-4.4513	0.029599
1867	-9.5308	-5.7331	0.42243
1868	-10.055	-7.7332	1.5942
1869	-9.4102	-4.451	0.027214
1870	-9.4303	-4.4644	0.027346
1871	-9.8386	-16.596	1.7102
1872	-14.54	-5.6133	0.79531
1873	-13.58	-5.4459	1.4547
1874	-9.8157	-4.652	0.11502
1875	-11.434	-6.0605	1.2178
1876	-9.4228	-4.4388	0.027129
1877	-9.4678	-6.9013	1.2009
1878	-9.5694	-7.9253	1.8086
1879	-9.3842	-4.4387	0.02777
1880	-9.3796	-4.0482	0.065764
1881	-9.6698	-15.853	1.2926
1882	-16.504	-5.929	0.72934
1883	-16.523	-5.8026	0.68437
1884	-10.324	-4.0628	0.4306
1885	-13.975	-5.8953	1.1409
1886	-9.364	-4.4279	0.028728
1887	-9.4608	-6.7525	1.096
1888	-10.02	-6.7426	1.0823
1889	-9.373	-4.428	0.02826
1890	-9.3735	-3.8512	0.11312
1891	-9.4332	-3.7802	0.13363
1892	-18.458	-7.4316	0.62176
1893	-17.066	-6.3697	1.0393
1894	-10.231	-3.6426	0.44547
1895	-16.915	-6.2186	0.97076
1896	-9.324	-4.4288	0.031761
1897	-9.5179	-5.2894	0.20709
1898	-11.45	-6.0459	1.2278
1899	-9.3904	-4.4243	0.027614
1900	-9.4004	-4.1378	0.049841
1901	-9.3024	11.834	0.56895
1902	-19.386	-8.9458	0.25507
1903	-17.348	-6.6591	1.0866
1904	-9.8859	-3.6103	0.28291
1905	-17.523	-6.7533	1.073
1906	-9.3562	-4.4382	0.029165
1907	-9.6253	-3.4255	0.28895
1908	-12.226	-5.044	1.9025
1909	-9.4251	-4.4268	0.027172
1910	-9.4381	-4.5179	0.028869
1911	-9.2569	22.57	0.19384
1912	-16.563	-8.9917	1.7434
1913	-17.41	-6.8085	1.074
1914	-9.4055	-3.9244	0.092606
1915	-18.135	-7.588	0.63741
1916	-9.3946	-4.4465	0.027466
1917	-9.6821	-2.3388	0.94467
1918	-12.902	-4.6139	1.9843
1919	-9.4523	-4.4375	0.027646
1920	-9.4615	-4.8057	0.06153
1921	-9.3777	21.91	0.16622
1922	-13.498	-6.893	0.96134
1923	-16.517	-6.6881	1.091
1924	-9.0341	-4.3097	0.1045
1925	-17.064	-7.8459	1.246
1926	-9.4451	-4.4491	0.027468
1927	-9.7031	-2.4293	0.88423
1928	-11.918	-5.9763	1.417
1929	-9.4544	-4.4472	0.027733
1930	-9.4575	-4.7549	0.05278
1931	-9.4974	5.726	0.41647
1932	-11.373	-5.2069	1.3554
1933	-15.846	-5.649	0.41918
1934	-8.8074	-4.6838	0.22131
1935	-12.734	-7.2223	0.6746
1936	-9.4834	-4.4458	0.029144
1937	-9.5905	-3.7994	0.14065
1938	-10.956	-6.7793	1.0447
1939	-9.4359	-4.4509	0.027289
1940	-9.4467	-4.4746	0.027807
1941	-9.6401	-8.5443	1.9901
1942	-8.9447	-5.2454	0.27893
1943	-15.625	-4.7363	0.091451
1944	-8.9593	-4.8151	0.16302
1945	-11.478	-5.859	1.2917
1946	-9.4741	-4.4393	0.028587
1947	-9.4226	-5.3101	0.21144
1948	-9.7974	-7.4372	1.5218
1949	-9.4141	-4.4487	0.02717
1950	-9.4231	-4.2271	0.03828
1951	-9.7237	-11.584	0.74122
1952	-11.696	-5.3662	1.5533
1953	-12.386	-3.8644	1.9447
1954	-9.184	-4.7032	0.071863
1955	-10.796	-5.2415	0.86894
1956	-9.4485	-4.4332	0.027537
1957	-9.3501	-6.3692	0.82538
1958	-9.6476	-7.7989	1.7396
1959	-9.4004	-4.4406	0.027321
1960	-9.4023	-4.0298	0.068765
1961	-9.7192	-11.823	0.59475
1962	-17.173	-7.0256	1.1126
1963	-8.8422	-3.4335	0.39126
1964	-9.5044	-4.3106	0.034755
1965	-10.453	-4.9805	0.55395
1966	-9.4117	-4.4305	0.027176
1967	-9.3354	-5.9273	0.53466
1968	-10.129	-8.032	1.6692
1969	-9.4004	-4.4334	0.027325
1970	-9.3893	-4.2386	0.037569
1971	-9.6738	-5.9792	0.58095
1972	-22.054	-8.847	2.1388
1973	-9.4519	-3.5539	0.21695
1974	-9.775	-3.9982	0.13465
1975	-13.449	-6.1466	1.2819
1976	-9.3838	-4.4307	0.027799
1977	-9.404	-4.2969	0.032262
1978	-11.167	-6.8589	1.0196
1979	-9.4032	-4.4294	0.027287
1980	-9.4029	-4.4877	0.027879
1981	-9.6023	8.0859	1.8704
1982	-20.517	-9.2004	1.221
1983	-10.716	-4.3127	0.75841
1984	-9.8799	-3.9487	0.18436
1985	-15.723	-7.202	1.4458
1986	-9.3638	-4.4334	0.028712
1987	-9.4682	-2.93	0.5447
1988	-12.45	-6.5	1.1644
1989	-9.4077	-4.4322	0.027211
1990	-9.4205	-4.6989	0.04406
1991	-9.5284	17.883	2.0942
1992	-17.472	-8.0955	0.92975
1993	-11.77	-5.0077	1.6852
1994	-9.741	-4.2195	0.089577
1995	-16.137	-7.775	1.7232
1996	-9.3821	-4.4371	0.027849
1997	-9.4919	-2.3597	0.92653
1998	-12.218	-6.6166	1.08
1999	-9.4198	-4.438	0.027125
2000	-9.4401	-4.7957	0.059102
