1	25.182	23.439	1.9432
2	240.01	57.191	16.508
3	535.43	541.64	145.81
4	209.81	24.046	11.937
5	-394.23	-562.99	119.07
6	-557.24	462.11	132.4
7	-321.18	-541.86	99.461
8	-417.09	-169.66	52.303
9	283.89	391.31	59.027
10	194.97	252.44	27.26
11	-260.22	52.708	19.406
12	258.28	508.03	81.84
13	123.96	-98.143	7.3727
14	-533.22	545.79	147.14
15	-159.2	-458.16	59.326
16	201.54	-362.12	43.92
17	-290.2	-176.36	29.606
18	-142.55	-14.84	5.951
19	268.08	437.72	66.832
20	18.155	522.27	69.15
21	25.182	23.439	1.9432
22	334.53	436.03	76.468
23	-248.97	-352.13	47.009
24	-411.84	316.12	67.538
25	-181.15	-405.95	50.595
26	-370.89	-160.28	40.858
27	188.32	215.66	21.616
28	-238.72	45.951	15.3
29	217.43	456.49	64.363
30	-292.85	501.51	84.599
31	-81.314	-220.26	14.561
32	133.53	-226.64	18.286
33	-178.78	-164.6	14.817
34	245.59	306.32	40.38
35	20.266	471.52	56.543
36	265.18	263.44	36.098
37	-214.82	-216.56	24.519
38	265.18	23.439	18.898
39	25.182	263.44	19.109
40	-214.82	23.439	12.915
41	25.182	-216.56	13.575
42	25.182	23.439	1.9432
43	44.099	258.27	17.25
44	-75.204	19.094	1.9226
45	-270.72	137.48	24.891
46	1.8952	-98.153	3.7149
47	-225.66	-135.23	18.135
48	31.569	-4.2621	2.2339
49	-137.19	37.179	5.8474
50	100.15	310.33	26.759
51	31.364	379.31	37.6
52	-0.80916	98.56	2.8506
53	54.081	-22.981	1.1935
54	-26.585	-87.207	3.0314
55	165.48	174.57	15.148
56	24.022	388.04	39.002
57	-214.31	9.9464	11.941
58	96.511	343.1	32.27
59	-138.92	-82.578	7.7367
60	167.65	187.57	17.143
61	20.836	-90.395	3.339
62	-103.72	-203.38	14.796
63	-26.379	56.717	2.2145
64	324.04	119.39	29.989
65	98.532	331	30.815
66	-17.364	160.16	7.4035
67	294.08	217.02	34.692
68	-185.92	-262.98	26.235
69	294.08	-22.981	23.04
70	54.081	217.02	12.813
71	-185.92	-22.981	9.05
72	54.081	-262.98	18.376
73	-350.66	-219.08	43.944
74	208.13	578.42	94.892
75	49.758	-271.11	20.866
76	242.98	303.3	39.073
77	246.03	-40.677	17.031
78	-151.99	-333.99	34.98
79	-127.09	-182.36	13.49
80	470.68	-164.4	63.992
81	148.03	458.42	58.233
82	-44.506	230.35	13.993
83	174.08	97.019	11.168
84	-65.919	-142.98	8.037
85	174.08	-22.981	8.4731
86	54.081	97.019	4.7658
87	-65.919	-22.981	1.3628
88	54.081	-142.98	7.4994
89	-274.33	-268.87	37.859
90	173.35	429.22	54.29
91	148.15	-320.3	32.978
92	159.33	261.06	23.929
93	357.18	8.6955	32.349
94	-69.077	-210.89	13.416
95	-110.8	-252.92	19.414
96	415.04	-334.77	72.508
97	151.81	268.2	24.531
98	-41.554	108.6	4.5155
99	114.08	37.019	4.3175
100	-5.9193	-82.981	3.224
101	114.08	-22.981	4.8605
102	54.081	37.019	2.4668
103	-5.9193	-22.981	1.9415
104	54.081	-82.981	3.0397
105	-130.54	-274.75	23.989
106	73.059	57.148	2.5194
107	136.07	-192.76	14.724
108	-7.8097	-57.166	1.8727
109	391.75	12.331	38.963
110	24.685	-55.153	1.6719
111	-63.05	-278.54	21.949
112	248.23	-188.37	25.587
113	139.95	-1.8579	5.9338
114	37.906	-121.04	5.726
115	84.081	7.0194	2.9628
116	24.081	-52.981	1.3647
117	84.081	-22.981	2.268
118	54.081	7.0194	1.9377
119	24.081	-22.981	1.7018
120	54.081	-52.981	3.1928
121	49.39	-166.48	8.5979
122	-81.75	-290.58	24.075
123	-25.008	-62.307	1.1374
124	-155.98	-336.43	35.086
125	291.41	-2.2618	22.21
126	110.27	100.2	6.3906
127	29.939	-58.401	2.1609
128	28.795	-30.124	0.76504
129	73.461	-237.92	16.559
130	119.38	-271.66	23.91
131	209.31	-63.544	13.182
132	-218.47	-370.3	47.274
133	-169.56	68.846	9.3855
134	-263.24	-469.86	72.943
135	140.48	-45.099	7.0007
136	148.38	187.43	15.908
137	113.35	141.63	8.3277
138	-168.26	111.98	11.359
139	-17.11	-323.68	27.115
140	150.49	-284.07	25.9
141	58.795	-0.12439	2.487
142	-1.2052	-60.124	1.8674
143	58.795	-30.124	1.6089
144	28.795	-0.12439	2.0715
145	-1.2052	-30.124	1.503
146	28.795	-60.124	2.2001
147	283.97	-8.5867	20.843
148	-214.79	-134.5	16.8
149	-188.51	120.99	14.289
150	-226.35	-517.76	80.939
151	-45.316	-92.82	3.8891
152	90.239	159.64	10.039
153	105.56	210.2	15.003
154	-199.05	145.88	15.854
155	-87.016	-236.99	17.212
156	114.42	-178.67	12.062
157	43.795	-15.124	1.828
158	13.795	-45.124	1.2607
159	43.795	-30.124	2.4641
160	28.795	-15.124	1.0072
161	13.795	-30.124	1.5333
162	28.795	-45.124	2.4811
163	277.25	33.145	20.579
164	-50.01	118.64	5.722
165	-73.867	85.968	4.2297
166	-58.978	-453.39	54.009
167	-178.32	-114.91	12.915
168	0.17663	47.087	1.8532
169	85.097	203.54	13.967
170	-135.24	90.747	7.8612
171	-61.872	64.398	2.984
172	60.626	-80.368	4.1037
173	36.295	-22.624	1.6161
174	21.295	-37.624	1.5432
175	36.295	-30.124	1.684
176	28.795	-22.624	0.50389
177	180.71	30.434	9.4564
178	126.26	262.75	22.995
179	52.049	10.646	1.7731
180	118.39	-149.22	9.9227
181	-130.33	-116.69	8.6817
182	-57.78	-95.721	4.0786
183	48.043	31.582	1.2547
184	51.446	-43.075	1.9067
185	-2.8975	331.62	28.08
186	0.45095	43.376	0.80834
187	36.295	-15.124	1.4357
188	21.295	-30.124	0.74852
189	36.295	-22.624	1.6161
190	28.795	-15.124	1.0072
191	21.295	-22.624	0.50613
192	28.795	-30.124	0.76504
193	58.888	-70.848	3.8069
194	241.38	152.25	21.935
195	153.86	-64.844	7.6759
196	215.93	150.91	19.014
197	17.219	-89.502	3.1308
198	-65.044	-191.99	10.804
199	8.185	-133.04	5.7622
200	206.43	-158.97	17.503
201	56.877	335.78	29.77
202	-42.83	145.32	6.9858
203	32.545	-18.874	1.0498
204	25.045	-26.374	0.35444
205	-64.203	-154.17	8.0885
206	190.96	-15.324	10.051
207	160.57	-121.31	10.581
208	117.13	317.67	29.659
209	151.49	-36.616	6.5167
210	-32.437	-255.31	17.616
211	-10.445	-190.09	9.6525
212	231.31	-195.89	23.597
213	82.355	126.41	6.571
214	-69.06	107.94	4.5085
215	28.795	-22.624	0.50389
216	21.295	-30.124	0.74852
217	28.795	-26.374	2.2315
218	25.045	-22.624	2.2394
219	21.295	-26.374	2.0392
220	25.045	-30.124	2.152
221	-111.87	-169.63	11.036
222	55.509	-153.89	7.9018
223	136.66	-167.66	12.695
224	-17.008	289.08	21.703
225	184.55	10.727	9.7285
226	46.775	-146.79	6.0006
227	1.1812	-170.77	8.2157
228	134.1	-129.18	9.1332
229	47.456	-84.504	2.4048
230	-45.59	-23.576	1.6378
231	26.92	-24.499	1.3409
232	23.17	-28.249	1.4982
233	26.92	-26.374	1.5654
234	25.045	-24.499	1.2621
235	23.17	-26.374	1.6826
236	25.045	-28.249	0.92751
237	-86.277	-146.34	8.1008
238	-83.443	-234.44	16.34
239	57.809	-159.17	7.9085
240	-114.79	80.542	6.0257
241	127.85	-5.9416	4.8125
242	102.6	24.583	3.8328
243	19.356	-14.649	1.6677
244	-23.199	-17.513	1.5605
245	11.401	-253	17.423
246	-18.508	-140.17	5.8505
247	25.982	-25.437	0.90122
248	24.107	-27.312	0.86761
249	25.982	-26.374	0.69556
250	25.045	-25.437	0.67089
251	24.107	-26.374	0.81078
252	25.045	-27.312	0.45197
253	13.334	-71.636	1.6615
254	-177.78	-238.76	23.343
255	-35.205	-70.66	3.3197
256	-155.71	-168.27	13.954
257	41.23	-62.074	3.3098
258	97.725	139.86	8.219
259	47.619	128.06	4.9183
260	-151.17	77.694	8.2597
261	-10.696	-293.89	22.885
262	8.9705	-124.1	5.7484
263	25.514	-25.906	0.53023
264	24.576	-26.843	0.48943
265	25.514	-26.374	0.4268
266	25.045	-25.906	0.46587
267	24.576	-26.374	0.4928
268	25.045	-26.843	0.3494
269	108.24	14.422	4.0863
270	-149.11	-85.247	8.2781
271	-99.683	13.479	4.1874
272	-111.51	-330.09	31.357
273	-39.258	-101.95	3.9956
274	64.157	162.97	8.8003
275	69.75	235.52	16.888
276	-223.18	78.055	15.188
277	-5.3843	-231.74	13.889
278	36.169	-37.486	1.6703
279	25.514	-26.374	0.4268
280	24.576	-27.312	0.57779
281	25.514	-26.843	0.42253
282	25.045	-26.374	0.35444
283	24.576	-26.843	0.48943
284	25.045	-27.312	0.45197
285	149.92	77.685	8.158
286	-19.671	126.64	5.1147
287	-116.24	50.325	4.4944
288	-2.8539	-338.84	30.349
289	-72.534	-120.56	5.0721
290	10.683	73.549	2.3287
291	73.386	211.61	13.709
292	-143.86	-7.6554	5.6764
293	18.336	-66.071	2.9761
294	39.169	66.906	2.6013
295	25.279	-26.609	0.34806
296	102.82	61.61	5.1971
297	93.505	264.36	20.652
298	-36.442	56.309	2.2852
299	98.971	-179.54	11.505
300	-45.201	-92.15	3.8708
301	-36.497	-30.248	1.8587
302	57.513	61.187	2.3333
303	38.859	-98.38	3.4377
304	43.558	83.527	3.9558
305	20.498	108.47	4.0671
306	25.514	-26.374	0.4268
307	25.045	-26.843	0.3494
308	25.514	-26.609	0.41194
309	25.279	-26.374	0.3641
310	25.045	-26.609	0.33826
311	-9.5032	19.573	1.4103
312	178.07	296.2	30.589
313	37.326	48.707	2.8663
314	120.92	58.79	5.5399
315	37.305	-44.934	0.98759
316	-27.174	-131.91	5.7911
317	27.835	-86.37	2.8893
318	197.8	-153.62	16.443
319	60.937	181.64	9.8791
320	-0.45601	84.997	3.629
321	25.279	-26.374	0.3641
322	24.81	-26.843	0.39369
323	25.279	-26.609	0.34806
324	25.045	-26.374	0.35444
325	24.81	-26.609	0.38294
326	25.045	-26.843	0.3494
327	-108.63	-32.184	4.0359
328	155.05	266.7	25.232
329	95.88	-1.1017	3.3419
330	90.403	245.93	17.827
331	107.48	-2.2037	3.8793
332	16.881	-192.74	10.217
333	4.2482	-189.5	9.7763
334	279.24	-146.9	24.971
335	58.385	39.755	1.9881
336	-12.788	39.995	2.4164
337	25.162	-26.492	0.34102
338	24.928	-26.726	0.35603
339	25.162	-26.609	0.33631
340	-162.84	-56.078	8.7391
341	117.54	151.07	10.431
342	95.553	-54.129	3.7949
343	16.53	196.07	11.303
344	130.74	16.137	5.1949
345	59.818	-122.33	5.7421
346	8.6155	-205.89	11.944
347	184.93	-62.764	11.377
348	39.842	-89.858	3.827
349	-12.005	-2.6444	1.2871
350	25.279	-26.492	0.3527
351	25.045	-26.726	0.34041
352	25.279	-26.609	0.34806
353	25.162	-26.492	0.34102
354	25.045	-26.609	0.33826
355	25.162	-26.726	0.33846
356	-169.98	-52.739	8.0497
357	41.78	-12.489	0.98592
358	66.981	-90.846	4.2724
359	-51.469	59.037	2.7553
360	110.93	-1.9697	4.1767
361	87.557	-26.356	2.1928
362	20.857	-213.83	12.929
363	13.811	29.769	1.4576
364	27.553	-167.8	8.7882
365	-4.7952	-36.875	1.297
366	25.221	-26.55	0.34196
367	25.103	-26.667	0.33579
368	-27.597	-5.407	0.5928
369	-32.432	-164.03	8.4992
370	37.897	-107.31	3.3699
371	-81.158	-81.384	3.8334
372	41.033	-33.656	1.9338
373	83.311	46.553	3.281
374	41.178	-199.98	10.479
375	-133.35	103.57	8.2195
376	20.007	-166.22	8.1163
377	16.496	-41.014	0.96182
378	25.162	-26.609	0.33631
379	25.045	-26.726	0.34041
380	25.162	-26.667	0.33652
381	25.103	-26.609	0.33557
382	122.37	35.929	6.0187
383	-77.836	-170.59	10.036
384	-1.4034	-77.298	2.5466
385	-72.715	-179.22	10.787
386	-29.084	-61.624	2.7944
387	36.884	62.293	1.6261
388	54.606	-3.6335	1.4437
389	-154.66	71.969	8.8853
390	28.913	-75.821	1.8603
391	32.484	-35.33	1.0999
392	25.162	-26.55	0.3378
393	25.045	-26.667	0.33848
394	25.162	-26.609	0.33631
395	25.103	-26.55	0.33707
396	25.045	-26.609	0.33826
397	25.103	-26.667	0.33579
398	215.53	48.539	12.89
399	-85.578	-116.22	6.8465
400	-32.987	-27.897	1.4669
401	-25.188	-195.16	9.7083
402	-84.095	-75.334	3.4477
403	-6.5784	33.632	1.0854
404	59.473	182.39	9.237
405	-57.775	14.709	2.0779
406	35.776	8.6973	1.6807
407	39.245	5.8396	1.4071
408	25.133	-26.579	0.33604
409	25.074	-26.638	0.33638
410	25.133	-26.609	0.33551
411	83.998	7.2831	3.0646
412	-29.7	-25.775	1.5037
413	-41.809	12.47	1.0106
414	34.365	-93.876	2.597
415	-78.747	-64.741	3.3793
416	-40.124	-5.295	0.78814
417	57.833	210.24	13.037
418	71.063	-54.298	3.2822
419	37.916	76.291	3.6525
420	23.627	45.534	1.612
421	25.162	-26.579	0.33684
422	25.103	-26.638	0.33546
423	-44.258	-35.975	0.89555
424	70.656	55.769	3.0305
425	-38.15	35.832	0.80371
426	69.9	11.245	2.3219
427	-22.683	-32.738	1.0877
428	-48.426	-40.15	1.7256
429	45.64	218.72	13.415
430	172.18	-96.535	11.281
431	33.692	88.48	3.8662
432	4.5294	74.552	2.2544
433	25.133	-26.609	0.33551
434	25.074	-26.667	0.33671
435	25.133	-26.638	0.3354
436	-123.68	-63.095	6.1412
437	128.77	107.48	8.8572
438	-22.576	28.974	1.2811
439	62.525	69.397	2.8309
440	73.515	-5.8725	2.1964
441	-46.695	-66.166	1.7816
442	33.615	66.475	1.8034
443	145.3	-101.94	9.568
444	29.327	29.535	1.2115
445	-12.399	71.599	1.3981
446	25.162	-26.609	0.33631
447	25.103	-26.667	0.33579
448	25.162	-26.638	0.3362
449	25.133	-26.609	0.33551
450	25.103	-26.638	0.33546
451	25.133	-26.667	0.33573
452	-97.175	-74.467	4.033
453	144.69	101.46	9.6643
454	-7.9822	24.569	1.1788
455	26.931	86.925	3.116
456	148.44	-4.5823	5.8069
457	-20.385	-49.396	1.7466
458	20.229	-125.07	4.8443
459	52.883	-69.756	3.4258
460	24.366	-35.47	0.74341
461	-20.597	19.932	1.213
462	25.147	-26.623	0.33569
463	25.118	-26.653	0.33543
464	25.147	-26.638	0.33569
465	25.133	-26.623	0.3354
466	-16.103	-57.64	0.97579
467	109.94	19.654	4.3557
468	0.8484	19.207	0.74338
469	-8.9788	68.064	1.6944
470	140.97	-15.443	5.9584
471	19.659	-26.363	0.59538
472	11.277	-256.07	17.309
473	-39.331	-10.522	1.4391
474	20.265	-89.932	3.0123
475	-19.06	-23.461	1.8504
476	25.147	-26.609	0.3358
477	25.118	-26.638	0.33533
478	70.337	-28.145	2.2657
479	14.992	-61.553	2.68
480	19.621	-4.8791	1.7853
481	-37.547	27.895	0.91347
482	117.82	-29.575	4.696
483	56.32	-5.8542	2.3295
484	17.302	-340.51	30.071
485	-115.63	39.851	3.9221
486	20.419	-123	4.8858
487	7.1747	-52.201	1.2507
488	25.133	-26.623	0.3354
489	25.103	-26.653	0.33557
490	25.133	-26.638	0.3354
491	25.118	-26.623	0.33533
492	125.01	9.2494	4.1617
493	-63.262	-100.38	4.7855
494	36.821	-28.163	1.2277
495	-53.499	-22.846	0.94777
496	65.336	-46.414	2.7394
497	69.185	6.4239	2.3757
498	34.061	-252.62	16.45
499	-122.16	70.491	6.826
500	22.547	-140.32	6.268
501	32.573	-66.409	2.7645
502	25.133	-26.609	0.33551
503	25.103	-26.638	0.33546
504	25.133	-26.623	0.3354
505	25.118	-26.609	0.33543
506	25.103	-26.623	0.33546
507	25.118	-26.638	0.33533
508	65.337	37.841	2.3819
509	-106.81	-92.536	6.8504
510	50.793	-35.339	1.102
511	-50.224	-48.363	3.1506
512	-5.0949	-56.105	1.9396
513	42.739	11.464	1.57
514	48.758	30.84	1.894
515	-84.596	44.888	4.2163
516	24.924	-100.76	4.214
517	36.334	-47.53	2.0138
518	25.125	-26.616	0.33538
519	25.111	-26.631	0.33535
520	25.125	-26.623	0.33534
521	25.118	-26.616	0.33537
522	25.111	-26.623	0.33537
523	25.118	-26.631	0.33531
524	-20.261	36.256	1.2926
525	-59.425	-59.674	2.5667
526	47.976	-31.292	1.168
527	-34.032	-36.072	2.42
528	-51.128	-61.571	2.014
529	10.762	-7.3955	1.1571
530	53.985	282.84	22.134
531	-36.224	-31.488	1.6678
532	26.882	-26.358	1.5277
533	24.44	2.4192	1.2581
534	25.125	-26.623	0.33534
535	25.111	-26.638	0.33537
536	25.125	-26.631	0.33532
537	25.118	-26.623	0.33533
538	25.111	-26.631	0.33535
539	25.118	-26.638	0.33533
540	-77.933	20.797	2.1844
541	42.146	3.869	1.2064
542	32.792	-2.3945	1.2939
543	2.3682	-10.922	1.1247
544	-83.957	-59.526	3.4439
545	-16.881	-33.351	1.3574
546	54.318	367.06	35.199
547	18.756	-96.569	2.7478
548	27.157	37.762	1.5418
549	5.0961	45.265	1.2079
550	25.122	-26.627	0.33531
551	25.114	-26.634	0.33533
552	25.122	-26.631	0.33531
553	-110.52	-3.236	3.5011
554	126.27	38.471	5.7488
555	13.919	18.202	0.92475
556	34.438	16.219	1.8147
557	-43.88	-54.752	1.7073
558	-8.8361	-50.387	1.2562
559	43.959	302.96	23.604
560	69.375	-94.935	4.846
561	26.521	87.428	2.9902
562	-5.3596	53.387	1.1175
563	25.125	-26.627	0.33533
564	25.118	-26.634	0.33532
565	25.125	-26.631	0.33532
566	25.122	-26.627	0.33531
567	25.118	-26.631	0.33531
568	25.122	-26.634	0.33531
569	-96.761	-33.228	3.5634
570	140.53	31.326	5.5266
571	1.227	25.855	0.88327
572	30.708	29.818	1.9262
573	30.888	-34.33	0.96829
574	11.366	-57.551	2.2182
575	26.822	88.865	3.2718
576	77.542	-84.948	3.8034
577	25.389	29.442	1.7528
578	-10.72	57.02	1.6057
579	25.124	-26.629	0.33532
580	25.12	-26.633	0.33531
581	-76.728	-50.485	3.2086
582	88.253	-14.488	3.654
583	1.4745	23.763	1.1858
584	6.9111	32.632	1.6575
585	94.896	-15.847	3.1482
586	36.841	-42.467	1.6709
587	20.069	-148.14	6.75
588	50.141	-42.174	2.0965
589	24.082	-54.528	1.5632
590	-6.7332	28.449	0.94438
591	25.122	-26.631	0.33531
592	25.118	-26.634	0.33532
593	25.122	-26.633	0.33531
594	25.12	-26.631	0.33531
595	-43.352	-36.914	1.3536
596	15.519	-57.153	0.98288
597	8.7034	20.803	0.72028
598	-10.564	12.229	0.76754
599	89.968	-7.6744	3.3127
600	52.215	-17.597	2.1257
601	14.992	-211.19	12.285
602	10.809	9.1043	1.2329
603	23.482	-108.14	4.0997
604	0.044911	-21.723	2.0574
605	25.122	-26.629	0.33531
606	25.118	-26.633	0.33531
607	25.122	-26.631	0.33531
608	25.12	-26.629	0.33531
609	25.118	-26.631	0.33531
610	25.12	-26.633	0.33531
611	15.046	-8.3765	1.8122
612	-48.532	-89.057	3.7324
613	20.899	3.8334	0.69466
614	-17.679	-16.743	0.85744
615	44.456	-9.4284	0.69125
616	47.432	0.67322	2.4096
617	23.2	-126.87	5.0966
618	-11.414	38.115	1.4953
619	23.453	-120.18	4.6411
620	8.9795	-42.129	1.4136
621	25.121	-26.63	0.33531
622	25.119	-26.632	0.33531
623	25.121	-26.631	0.33531
624	25.12	-26.63	0.33531
625	25.119	-26.631	0.33531
626	25.12	-26.632	0.33531
627	67.074	8.5124	2.5803
628	-90.377	-104.2	5.6466
629	33.076	-23.744	1.3727
630	-6.4256	-41.407	1.9699
631	0.8489	-13.853	1.6641
632	25.075	0.62867	0.256
633	31.861	-16.963	0.56681
634	-3.6079	44.362	2.3875
635	24.138	-88.604	2.5726
636	17.438	-26.286	1.0958
637	57.844	15.065	1.9847
638	-55.249	-84.294	3.8061
639	41.675	-37.662	1.8372
640	9.193	-40.442	0.50694
641	-30.78	-14.04	1.9909
642	5.1935	0.58905	0.58363
643	38.351	83.144	3.591
644	26.914	24.279	1.3054
645	25.021	-41.662	1.9644
646	20.879	21	0.92988
647	25.075	0.62958	0.25624
648	25.074	0.62775	0.25576
649	0.59833	11.885	1.4671
650	-6.1245	-43.523	0.69132
651	32.33	-36.955	1.2722
652	27.368	-29.091	1.3067
653	-39.221	-10.005	1.3754
654	-6.9822	0.57413	0.30901
655	38.669	121.34	5.3714
656	53.242	-16.377	2.3201
657	25.691	20.885	1.7741
658	16.319	58.33	1.1644
659	25.075	0.62867	0.256
660	25.073	0.62683	0.25552
661	-54.728	4.5006	1.5065
662	50.007	11.35	1.8223
663	20.907	-19.284	1.4271
664	41.302	-9.907	2.1229
665	-21.158	-2.086	1.1773
666	-3.6264	0.5812	1.8145
667	36.305	75.656	2.9359
668	54.434	-55.607	2.4877
669	25.628	54.75	1.4491
670	9.5972	71.957	3.1218
671	25.075	0.62867	0.256
672	25.071	0.625	0.25504
673	-74.983	-8.1711	1.6217
674	75.927	28.926	2.6792
675	11.018	8.3324	1.0269
676	43.862	7.4042	0.99868
677	35.889	4.6166	1.0917
678	10.217	0.60651	1.665
679	28.289	20.547	0.92388
680	44.376	-57.216	3.1674
681	25.123	80.898	2.0006
682	3.0371	64.786	1.7984
683	25.075	0.62867	0.256
684	25.067	0.62134	0.2541
685	-67.45	-16.071	2.2358
686	65.212	16.321	2.505
687	8.1142	29.595	1.1106
688	30.744	14.173	1.9336
689	82.897	3.8742	3.0421
690	26.511	0.63448	1.0031
691	20.293	-43.044	1.4954
692	28.444	-51.655	2.2504
693	24.533	50.511	2.1186
694	5.6482	28.259	0.86619
695	25.075	0.62867	0.256
696	25.06	0.61402	0.25228
697	-32.989	-14.944	1.3271
698	29.428	-9.4887	1.6081
699	16.752	33.903	1.5586
700	11.919	-4.2067	1.8267
701	95.96	1.7212	3.3516
702	39.702	0.64796	1.7698
703	14.21	-97.834	3.5158
704	12.203	-18.264	0.24193
705	23.992	-13.26	1.6039
706	12.763	-5.5294	1.7536
707	18.272	-15.233	1.3278
708	-24.063	-46.954	1.7983
709	24.926	16.9	0.428
710	-5.5039	-34.726	0.71312
711	69.935	-14.994	2.5403
712	49.168	-0.042484	1.1486
713	9.8303	-117.4	4.685
714	-2.2142	11.378	0.91933
715	21.332	-72.513	2.8491
716	16.732	-31.13	0.7927
717	12.233	-18.235	0.22595
718	52.03	-15.726	1.7625
719	-51.621	-67.492	2.9809
720	27.094	-3.8983	0.83499
721	-9.9305	-62.697	2.8287
722	16.324	-29.505	0.93443
723	46.313	-0.80436	2.117
724	10.8	-93.835	3.0502
725	-5.3062	13.679	1.5963
726	18.72	-89.639	2.2523
727	18.342	-51.259	1.639
728	12.262	-18.206	0.211
729	64.741	-16.064	2.2304
730	-69.216	-66.778	4.3029
731	24.332	-21.395	1.845
732	-8.2335	-62.84	2.3374
733	-23.305	-28.005	1.479
734	29.482	-6.7134	1.2409
735	20.091	-35.443	1.0927
736	1.7969	-3.2553	0.85382
737	16.39	-81.045	3.2729
738	17.027	-57.838	1.6604
739	12.321	-18.147	0.18431
740	46.469	-14.317	0.98364
741	-65.111	-60.801	3.3414
742	18.571	-25.518	0.58294
743	3.0834	-49.607	0.75106
744	-16.653	-14.247	0.6536
745	12.399	-14.471	1.7723
746	31.433	23.84	1.7982
747	14.109	-22.616	1.2047
748	17.661	-40.712	1.8173
749	13.434	-41.374	1.8323
750	12.438	-18.03	0.14469
751	1.0797	-9.2997	0.57035
752	-45.306	-32.202	1.9464
753	12.146	-5.3788	1.7644
754	18.494	-27.561	0.523
755	-5.6318	-3.1352	1.4892
756	1.8974	-19.312	1.2427
757	39.544	51.872	2.2053
758	24.127	-37.272	1.3102
759	17.866	7.2346	0.87555
760	10.702	-25.051	1.3075
761	12.672	-17.795	0.12504
762	-35.729	-6.93	1.4037
763	-11.906	-0.2783	0.26068
764	11.739	13.024	1.7379
765	29.312	-7.2921	1.4463
766	3.7765	0.38349	1.7793
767	5.5557	-14.038	1.7118
768	41.85	67.419	2.1197
769	26.641	-39.976	1.6397
770	20.3	37.833	1.4667
771	10.55	-10.656	1.1913
772	13.141	-17.327	0.31995
773	12.203	-18.264	0.24193
774	13.141	-17.795	0.28299
775	12.672	-17.327	0.16959
776	12.203	-17.795	0.1817
777	12.672	-18.264	0.18884
778	-47.33	-8.3459	2.4858
779	25.743	27.853	0.81597
780	15.911	28.05	1.8018
781	29.156	-4.7384	0.59618
782	5.0201	-1.6016	0.87842
783	15.307	-8.3755	1.9375
784	25.93	53.13	1.181
785	25.789	-30.889	2.1884
786	22.241	28.429	1.6285
787	12.188	-8.5015	0.16011
788	12.906	-17.561	0.18645
789	12.438	-18.03	0.14469
790	12.906	-17.795	0.17823
791	12.672	-17.561	0.13383
792	12.438	-17.795	0.12625
793	12.672	-18.03	0.14353
794	-15.256	-10.292	1.5751
795	54.291	30.077	1.4879
796	21.862	37.464	1.6795
797	16.54	-7.4498	1.4371
798	3.9842	-9.0244	1.6866
799	27.69	-4.8634	0.40026
800	9.3545	11.759	0.61267
801	17.678	-20.418	1.2976
802	22.246	-19.183	1.7403
803	13.702	-7.0266	0.95256
804	12.789	-17.678	0.14589
805	12.555	-17.913	0.12466
806	26.271	-12.359	1.535
807	37.451	10.297	0.85141
808	27.479	41.855	1.454
809	0.3267	-18.567	0.28496
810	-4.0371	-17.44	1.6882
811	35.522	-1.3048	1.6601
812	4.8367	-33.517	1.2696
813	6.6778	-9.8529	0.31985
814	21.929	-65.167	1.6801
815	14.598	-8.4512	1.4952
816	12.672	-17.795	0.12504
817	12.438	-18.03	0.14469
818	12.672	-17.913	0.13089
819	12.555	-17.795	0.11878
820	56.326	-13.114	2.8003
821	-11.916	-21.1	1.7083
822	23.947	33.275	1.4326
823	-11.73	-28.076	0.87144
824	-11.195	-23.739	1.2658
825	30.243	-5.364	1.544
826	14.039	-72.465	2.3068
827	-0.13045	-5.6389	1.6655
828	18.41	-90.195	2.5891
829	13.919	-14.13	1.2811
830	12.672	-17.678	0.12603
831	12.438	-17.913	0.13208
832	12.672	-17.795	0.12504
833	12.555	-17.678	0.11978
834	12.438	-17.795	0.12625
835	12.555	-17.913	0.12466
836	62.703	-12.685	2.9139
837	-51.281	-40.52	2.5581
838	19.642	3.8233	1.7358
839	-14.769	-29.743	0.93714
840	-10.416	-26.662	1.7523
841	16.718	-7.6784	1.434
842	29.785	-101.34	3.7394
843	-0.27012	-4.1408	1.9461
844	16.394	-80.731	3.3615
845	12.267	-18.808	0.41598
846	12.614	-17.737	0.11984
847	12.496	-17.854	0.12288
848	12.614	-17.795	0.1202
849	12.555	-17.737	0.11842
850	39.781	-13.059	0.95793
851	-61.602	-36.886	2.094
852	17.106	-28.443	1.3276
853	-11.818	-24.631	1.086
854	-3.1042	-25.275	1.7211
855	5.0756	-11.09	1.0329
856	38.552	-60.917	1.8941
857	8.3617	-4.6942	0.54445
858	16.651	-65.137	1.8452
859	10.909	-21.018	1.0832
860	12.614	-17.678	0.12119
861	12.496	-17.795	0.1208
862	12.614	-17.737	0.11984
863	12.555	-17.678	0.11978
864	12.496	-17.737	0.12044
865	12.555	-17.795	0.11878
866	-1.6737	-12.527	0.95327
867	-39.958	-22.06	0.88985
868	13.403	-45.256	0.99825
869	-6.091	-16.298	0.5805
870	-2.5538	-17.219	1.8452
871	-0.98154	-14.271	1.488
872	31.788	1.6362	0.87875
873	18.817	-5.5199	1.8195
874	17.371	-34.766	1.299
875	10.581	-20.778	0.92377
876	12.584	-17.707	0.11916
877	12.526	-17.766	0.11897
878	12.584	-17.737	0.1187
879	12.555	-17.707	0.11889
880	12.526	-17.737	0.119
881	12.555	-17.766	0.11839
882	-31.528	-13.066	2.2679
883	7.5928	-4.2991	1.2759
884	12.45	-50.609	2.0122
885	-0.26283	-9.7628	0.23799
886	-0.22777	-9.3669	0.1036
887	4.2026	-14.617	0.75861
888	25.067	51.764	1.3709
889	24.983	-14.226	2.0029
890	16.485	-4.9578	0.40755
891	11.571	-19.355	0.88982
892	-31.206	-11.455	1.5146
893	44.014	11.04	1.4671
894	12.892	-25.267	0.67604
895	4.9059	-3.8225	1.1837
896	1.829	-2.4235	0.96595
897	14.935	-6.3452	0.90567
898	7.264	60.961	1.5863
899	22.085	-22.987	0.40353
900	14.753	21.139	0.74754
901	12.373	-13.572	2.0512
902	-0.16918	-9.3083	0.079609
903	-20.501	-8.667	1.2035
904	49.758	20.883	2.2425
905	7.8883	3.4208	0.99274
906	6.5768	-1.8778	0.78141
907	3.0007	-0.41135	1.9508
908	25.365	1.2658	0.55253
909	-6.9926	46.617	1.5375
910	18.312	-25.279	0.76147
911	11.513	32.833	1.4704
912	9.3281	-4.748	0.055133
913	-4.5155	-5.3714	0.85738
914	11.317	13.772	1.3801
915	6.4396	31.471	2.212
916	6.5635	-3.3238	1.689
917	3.8262	-2.4261	0.89341
918	28.418	7.4889	1.7608
919	-11.299	0.82907	0.78314
920	12.725	-14.325	1.8443
921	10.061	10.335	1.4697
922	6.6368	3.0507	1.5325
923	9.4453	-4.6308	0.036686
924	16.569	-3.2281	0.64552
925	-26.179	-1.6682	0.98106
926	14.002	39.229	1.55
927	6.3994	-7.7551	0.33289
928	3.1995	-6.8311	1.1317
929	28.865	6.8363	1.3208
930	6.477	-46.78	1.6472
931	6.5652	-1.5013	0.54307
932	10.773	-16.347	1.214
933	6.6636	3.1507	1.5807
934	9.5624	-4.5136	0.038652
935	9.3281	-4.748	0.055133
936	9.5624	-4.6308	0.046412
937	9.4453	-4.5136	0.028855
938	27.347	-3.6627	0.67929
939	-48.829	-15.07	1.6975
940	24.602	39.571	2.3683
941	5.5311	-10.897	0.92915
942	3.9561	-10.79	1.1857
943	20.725	1.0721	1.3255
944	23.545	-66.161	2.2167
945	2.8486	5.6916	0.4023
946	12.068	-33.674	1.1035
947	9.288	-0.34905	1.9822
948	9.5624	-4.3964	0.037687
949	9.3281	-4.6308	0.04056
950	9.5624	-4.5136	0.038652
951	9.4453	-4.3964	0.027885
952	21.777	-5.4318	0.37815
953	-57.757	-18.791	1.6557
954	27.097	34.049	1.6619
955	5.7531	-10.606	0.73695
956	4.616	-10.969	1.0448
957	12.292	-5.5858	1.7106
958	36.455	-67.49	2.7356
959	4.0874	1.2933	1.3616
960	14.13	-37.443	1.3987
961	11.704	-5.7082	1.4495
962	9.6796	-4.162	0.079073
963	9.2109	-4.6308	0.057974
964	9.6796	-4.3964	0.061077
965	9.4453	-4.162	0.046494
966	9.2109	-4.3964	0.04936
967	9.4453	-4.6308	0.036686
968	14.648	-6.9018	1.1472
969	-23.163	-9.3165	1.526
970	26.304	26.708	0.96225
971	5.8852	-9.0366	0.11248
972	5.4007	-9.3703	0.43091
973	8.5002	-9.0466	1.6368
974	36.945	-15.862	1.2448
975	8.4369	-11.288	0.97929
976	14.56	-24.612	1.2554
977	12.895	-9.2579	0.14916
978	9.5624	-4.2792	0.043524
979	9.3281	-4.5136	0.032763
980	9.5624	-4.3964	0.037687
981	9.4453	-4.2792	0.033778
982	9.3281	-4.3964	0.031796
983	9.4453	-4.5136	0.028855
984	8.9774	-7.9277	1.7383
985	18.421	1.6552	0.7309
986	24.931	15.437	1.293
987	7.5028	-5.9761	1.1839
988	4.2171	-6.9818	1.1224
989	6.9237	-8.1763	0.3257
990	29.704	31.862	1.354
991	12.97	-21.87	2.0544
992	12.917	0.77986	0.24207
993	13.779	-10.086	0.84093
994	9.5038	-4.3378	0.033159
995	9.3867	-4.455	0.027752
996	8.6389	-7.5162	1.4333
997	39.41	9.7383	1.5268
998	17.511	-2.6054	1.14
999	8.6238	-3.1126	0.61089
1000	4.5881	-5.2048	0.90561
1001	7.8398	-3.731	1.0312
1002	17.555	55.305	1.7973
1003	15.439	-26.26	2.1582
1004	11.121	21.764	1.2679
1005	12.017	-9.355	0.25153
1006	9.4453	-4.3964	0.027885
1007	9.3281	-4.5136	0.032763
1008	9.4453	-4.455	0.027511
1009	9.033	-6.7362	1.0787
1010	42.378	7.205	1.4744
1011	10.93	-14.53	1.0392
1012	9.7489	-2.4854	0.84938
1013	5.1708	-3.9343	1.4248
1014	14.77	0.49847	1.61
1015	10.862	53.052	1.864
1016	15.982	-23.168	0.44596
1017	9.2654	31.737	0.38433
1018	8.8459	-6.2865	0.80847
1019	9.5038	-4.3964	0.031075
1020	9.3867	-4.5136	0.029096
1021	9.5038	-4.455	0.030703
1022	9.4453	-4.3964	0.027885
1023	9.3867	-4.455	0.027752
1024	9.4453	-4.5136	0.028855
1025	14.413	-4.8705	0.7977
1026	17.113	-1.4194	1.1624
1027	8.5114	-18.332	1.6658
1028	10.181	-5.0161	0.36351
1029	4.3527	-3.2411	0.77499
1030	20.389	3.8369	1.1362
1031	7.9124	30.416	1.1953
1032	13.473	-10.119	0.67474
1033	8.2741	21.829	0.7434
1034	6.5121	-2.8181	1.4114
1035	9.4745	-4.4257	0.02865
1036	9.416	-4.4843	0.02766
1037	9.4745	-4.455	0.028679
1038	9.4453	-4.4257	0.027483
1039	18.527	-3.2387	1.7132
1040	-14.351	-9.0633	1.2822
1041	9.4687	-19.249	1.6166
1042	8.7504	-7.8213	1.6045
1043	5.96	-4.468	1.962
1044	23.787	4.5688	1.3688
1045	14.954	-9.6979	1.6916
1046	10.763	0.46736	1.2471
1047	10.083	9.8467	1.6652
1048	6.2361	-0.74751	0.14729
1049	9.4745	-4.3964	0.029051
1050	9.416	-4.455	0.027202
1051	23.274	-2.8103	1.0224
1052	-33.598	-13.356	0.75306
1053	14.951	-0.82289	1.6632
1054	7.074	-9.2377	0.35224
1055	6.0941	-5.9603	1.4872
1056	26.359	1.4977	1.0091
1057	21.057	-45.223	2.1254
1058	8.4445	6.6216	1.012
1059	12.063	-6.132	1.3678
1060	7.8587	0.034165	1.0201
1061	9.4453	-4.4257	0.027483
1062	9.3867	-4.4843	0.02821
1063	9.4453	-4.455	0.027511
1064	9.416	-4.4257	0.027174
1065	20.48	-4.1896	1.0511
1066	-38.919	-10.79	1.3312
1067	18.963	21.598	2.1073
1068	5.3598	-8.0483	0.52296
1069	5.4385	-7.8701	0.52293
1070	20.19	-3.4688	1.2811
1071	24.321	-59.067	2.4339
1072	6.8071	-1.7774	0.74497
1073	13.067	-17.603	0.24887
1074	10.521	-0.60557	1.4433
1075	9.4453	-4.3964	0.027885
1076	9.3867	-4.455	0.027752
1077	9.4453	-4.4257	0.027483
1078	9.416	-4.3964	0.027576
1079	9.3867	-4.4257	0.027724
1080	9.416	-4.455	0.027202
1081	13.88	-5.5637	1.2342
1082	-23.854	-6.5422	1.1777
1083	20.642	35.078	1.6218
1084	5.1916	-6.1061	1.1934
1085	2.4401	-8.2913	1.7161
1086	10.7	-7.8811	1.2649
1087	22.488	-48.21	0.92287
1088	6.7575	-13.66	1.9234
1089	12.475	-21.878	2.1263
1090	12.184	-3.9422	1.9113
1091	9.4306	-4.4111	0.027369
1092	9.4013	-4.4404	0.027302
1093	9.4306	-4.4257	0.027222
1094	9.416	-4.4111	0.027322
1095	9.4013	-4.4257	0.027342
1096	9.416	-4.4404	0.027135
1097	9.8037	-6.3572	0.83398
1098	-2.7161	-0.75366	1.7865
1099	19.269	35.681	0.50229
1100	7.2093	-4.4368	1.6189
1101	2.0538	-8.5511	1.4708
1102	7.6471	-8.0172	0.86281
1103	19.842	-21.063	1.5844
1104	8.8292	-23.399	0.60214
1105	11.573	-16.236	0.84494
1106	11.52	-7.1518	0.87687
1107	9.4306	-4.4257	0.027222
1108	9.4013	-4.455	0.02737
1109	9.4306	-4.4404	0.027182
1110	9.416	-4.4257	0.027174
1111	9.4013	-4.4404	0.027302
1112	9.416	-4.455	0.027202
1113	12.063	-5.8205	1.5372
1114	19.926	2.7869	1.2859
1115	16.624	30.12	0.82765
1116	8.8327	-4.9029	0.23926
1117	3.7537	-8.2199	1.7498
1118	8.8009	-4.0885	0.2373
1119	15.82	5.741	0.46713
1120	11.142	-26.814	1.0659
1121	11.087	1.1987	0.9705
1122	10.307	-9.5583	1.6142
1123	9.4233	-4.433	0.027138
1124	9.4086	-4.4477	0.027212
1125	9.4233	-4.4404	0.027131
1126	14.619	-5.2747	0.67496
1127	27.397	1.0459	1.6604
1128	13.752	19.372	0.98138
1129	9.9158	-5.341	0.32179
1130	5.538	-7.2869	0.70775
1131	9.9542	-0.78195	1.7594
1132	12.201	25.708	0.47114
1133	13.753	-28.307	1.1001
1134	10.348	14.668	0.72847
1135	8.4962	-9.3408	1.6081
1136	9.4306	-4.433	0.027188
1137	9.416	-4.4477	0.027155
1138	9.4306	-4.4404	0.027182
1139	9.4233	-4.433	0.027138
1140	9.416	-4.4404	0.027135
1141	9.4233	-4.4477	0.027152
1142	17.253	-4.6488	1.0541
1143	19.488	-3.4111	1.6965
1144	16.026	5.1319	0.23153
1145	9.9906	-6.346	0.84659
1146	6.8627	-7.0869	0.77799
1147	10.94	1.9229	1.0425
1148	8.9053	36.836	1.8888
1149	14.923	-26.276	1.91
1150	10.779	12.913	0.86551
1151	7.3515	-5.7599	1.3092
1152	9.4269	-4.4367	0.02715
1153	9.4196	-4.444	0.027133
1154	9.4269	-4.4404	0.02715
1155	9.4233	-4.4367	0.027131
1156	19.311	-4.1333	1.9714
1157	2.5516	-7.3959	1.4262
1158	17.149	-9.4	1.2164
1159	8.0663	-7.3233	1.1244
1160	8.1801	-7.1498	1.1373
1161	10.191	0.50701	1.701
1162	7.7078	18.815	0.99559
1163	12.985	-15.491	1.1405
1164	11.184	2.1722	1.0259
1165	7.6595	-1.3497	0.90339
1166	9.4269	-4.433	0.027156
1167	9.4196	-4.4404	0.027126
1168	21.174	-3.9883	0.46698
1169	-9.5602	-7.4492	1.5588
1170	15.512	-17.1	2.0054
1171	6.0048	-7.7495	0.35654
1172	7.0471	-7.3998	0.66726
1173	8.7333	-3.2808	0.49718
1174	8.5539	-6.0089	0.73934
1175	9.9522	-3.6591	0.29336
1176	12.009	-7.5645	0.54609
1177	8.2884	0.89626	1.3566
1178	9.4233	-4.4367	0.027131
1179	9.416	-4.444	0.027142
1180	9.4233	-4.4404	0.027131
1181	9.4196	-4.4367	0.027126
1182	19.038	-4.0649	2.0421
1183	-13.343	-5.8209	1.4536
1184	11.631	-15.55	1.0942
1185	4.7071	-7.2896	1.0211
1186	4.6967	-7.718	1.031
1187	7.6519	-7.357	0.93376
1188	12.331	-21.919	2.1093
1189	8.0153	1.5014	1.0949
1190	12.759	-12.151	1.738
1191	9.2095	0.053694	1.9974
1192	9.4233	-4.433	0.027138
1193	9.416	-4.4404	0.027135
1194	9.4233	-4.4367	0.027131
1195	9.4196	-4.433	0.027133
1196	9.416	-4.4367	0.027135
1197	9.4196	-4.4404	0.027126
1198	13.514	-4.7069	1.6246
1199	-6.7415	-2.4639	1.1659
1200	9.6122	-2.6915	0.70434
1201	4.0678	-6.3271	0.87224
1202	3.3517	-8.0686	1.8383
1203	7.2411	-9.1351	0.46762
1204	15.808	-27.195	2.1713
1205	6.8966	3.8184	1.7548
1206	13.456	-10.061	0.64587
1207	10.164	-2.2908	0.99093
1208	9.4214	-4.4349	0.02713
1209	9.4178	-4.4385	0.027128
1210	9.4214	-4.4367	0.027127
1211	9.4196	-4.4349	0.027129
1212	9.4178	-4.4367	0.027129
1213	9.4196	-4.4385	0.027125
1214	9.0058	-5.1905	0.23823
1215	3.6673	0.99015	1.6651
1216	10.25	8.1186	1.6236
1217	5.5757	-5.3353	1.6285
1218	2.2915	-7.8043	1.4927
1219	7.7136	-9.0815	0.89692
1220	16.437	-23.753	0.86228
1221	8.7272	2.2036	1.0299
1222	12.338	-2.981	1.5386
1223	10.642	-5.1565	0.73185
1224	9.4214	-4.4367	0.027127
1225	9.4178	-4.4404	0.027129
1226	9.4214	-4.4385	0.027126
1227	9.4196	-4.4367	0.027126
1228	9.4178	-4.4385	0.027128
1229	9.4196	-4.4404	0.027126
1230	5.1146	-5.5229	1.2969
1231	11.805	3.4153	1.5788
1232	13.043	14.666	1.6164
1233	7.4407	-5.4138	1.3318
1234	2.8984	-7.4133	1.5062
1235	9.1929	-7.6042	1.6358
1236	15.212	-10.731	1.3178
1237	10.949	-2.109	1.0348
1238	11.332	3.2243	1.2494
1239	10.735	-7.1534	1.1289
1240	9.4205	-4.4376	0.027126
1241	9.4187	-4.4394	0.027127
1242	9.4205	-4.4385	0.027125
1243	9.4196	-4.4376	0.027126
1244	9.4187	-4.4385	0.027126
1245	9.4196	-4.4394	0.027126
1246	3.8118	-5.3914	0.39694
1247	14.616	0.52304	1.4832
1248	15.953	11.353	0.92782
1249	9.1827	-6.2096	0.72389
1250	4.072	-6.2532	0.84266
1251	10.429	-5.1152	0.55625
1252	12.282	3.19	1.6473
1253	13.284	-8.9301	0.31086
1254	11.133	5.759	1.1212
1255	10.654	-7.4017	1.2087
1256	9.4201	-4.4381	0.027125
1257	6.659	-5.1067	1.8472
1258	14.461	-2.3831	1.0174
1259	15.259	4.0581	0.1947
1260	9.2918	-6.2953	0.77579
1261	5.7399	-6.0301	1.3885
1262	11.319	-2.4471	1.0841
1263	10.088	13.384	0.28274
1264	13.996	-16.289	1.0453
1265	11.139	5.3381	1.1534
1266	9.9891	-6.564	0.97585
1267	9.4205	-4.4376	0.027126
1268	9.4196	-4.4385	0.027125
1269	9.4205	-4.4381	0.027126
1270	9.4201	-4.4376	0.027126
1271	9.4196	-4.4381	0.027126
1272	9.4201	-4.4385	0.027125
1273	10.178	-4.6601	0.31027
1274	3.9472	-5.6935	0.57296
1275	11.891	-2.5316	1.2068
1276	8.7932	-7.2379	1.3509
1277	6.7334	-6.1064	1.3667
1278	11.181	-1.7626	0.97338
1279	7.9722	19.096	1.1769
1280	13.834	-17.753	0.82794
1281	10.732	-1.3041	1.1866
1282	8.9818	-5.6105	0.4154
1283	9.4205	-4.4381	0.027126
1284	9.4196	-4.439	0.027126
1285	9.4205	-4.4385	0.027125
1286	9.4201	-4.4381	0.027125
1287	9.4196	-4.4385	0.027125
1288	9.4201	-4.439	0.027125
1289	12.711	-4.3391	2.0319
1290	-6.7005	-7.9004	0.32572
1291	9.1299	-7.528	1.5837
1292	7.189	-7.5867	0.65278
1293	7.1876	-6.0757	1.2721
1294	9.7484	-1.8848	1.2482
1295	6.8239	14.27	1.7368
1296	11.919	-18.512	0.43019
1297	10.498	-8.1168	1.4525
1298	8.269	-3.7819	0.66071
1299	9.4203	-4.4383	0.027125
1300	9.4198	-4.4388	0.027125
1301	9.4203	-4.4385	0.027125
1302	9.4201	-4.4383	0.027125
1303	9.4198	-4.4385	0.027125
1304	9.4201	-4.4388	0.027125
1305	12.961	-4.2355	1.9596
1306	-14.718	-4.5595	0.5125
1307	7.2909	-6.4328	1.1106
1308	6.4009	-8.1741	0.15698
1309	7.1743	-6.7018	1.0074
1310	8.2578	-3.0244	0.80803
1311	7.2661	7.9425	0.5932
1312	9.9329	-15.96	1.3383
1313	11.35	-10.524	0.92098
1314	8.5526	-2.3315	0.96965
1315	9.4202	-4.4384	0.027125
1316	9.42	-4.4386	0.027125
1317	9.4202	-4.4385	0.027125
1318	9.4201	-4.4384	0.027125
1319	11.228	-4.4173	1.2666
1320	-11.081	-1.276	0.97842
1321	7.1241	-1.4039	0.64885
1322	6.8606	-8.1969	0.28811
1323	4.4914	-7.2681	1.109
1324	7.247	-4.3606	1.5873
1325	8.3636	1.3994	1.2858
1326	8.1145	-13.656	0.81231
1327	11.979	-7.7923	0.45519
1328	9.4505	-2.6433	0.7303
1329	9.4202	-4.4383	0.027125
1330	9.42	-4.4385	0.027125
1331	9.4202	-4.4384	0.027125
1332	9.4201	-4.4383	0.027125
1333	9.42	-4.4384	0.027125
1334	9.4201	-4.4385	0.027125
1335	9.2467	-4.97	0.11094
1336	-7.977	0.22175	1.1371
1337	9.1929	2.1351	1.0817
1338	7.724	-6.9774	0.99862
1339	2.8882	-7.7015	1.6649
1340	7.4038	-5.4185	1.3566
1341	9.8056	-4.2235	0.11128
1342	7.3056	-9.4802	0.55984
1343	12.368	-0.59701	0.14393
1344	10.232	-4.064	0.36371
1345	9.4201	-4.4384	0.027125
1346	9.42	-4.4385	0.027125
1347	9.4201	-4.4384	0.027125
1348	9.4201	-4.4384	0.027125
1349	9.42	-4.4384	0.027125
1350	9.4201	-4.4385	0.027125
1351	7.5511	-5.438	1.2491
1352	0.96653	-0.45443	0.46121
1353	11.451	5.2953	1.4018
1354	7.8557	-5.4134	1.0214
1355	3.2618	-6.9669	1.2256
1356	8.1636	-5.6878	0.83068
1357	11.008	-9.188	1.0392
1358	8.6269	-6.4043	0.90123
1359	12.344	4.1852	2.0018
1360	10.458	-5.5282	0.66645
1361	9.4201	-4.4384	0.027125
1362	9.42	-4.4385	0.027125
1363	9.4201	-4.4385	0.027125
1364	9.4201	-4.4384	0.027125
1365	9.42	-4.4385	0.027125
1366	9.4201	-4.4385	0.027125
1367	6.4993	-5.2902	1.8242
1368	11.022	-1.177	1.013
1369	12.576	3.1356	1.6443
1370	8.0282	-5.3384	0.88353
1371	4.6342	-6.3394	0.99762
1372	8.998	-5.2948	0.27718
1373	11.071	-10.979	1.0539
1374	9.989	-7.2576	1.3823
1375	12.309	5.2357	1.8638
1376	9.8873	-6.6496	1.0262
1377	9.4201	-4.4384	0.027125
1378	9.42	-4.4385	0.027125
1379	9.4201	-4.4385	0.027125
1380	9.4201	-4.4384	0.027125
1381	7.1643	-4.7349	1.6412
1382	14.508	-3.3747	0.79175
1383	14.297	-0.11577	1.2099
1384	8.2661	-5.9104	0.82226
1385	5.2173	-5.7006	1.3197
1386	9.7541	-4.8643	0.12514
1387	10.558	-10.226	1.3014
1388	12.213	-11.435	1.2858
1389	12.014	0.3498	0.21056
1390	9.1395	-5.9101	0.54177
1391	9.4201	-4.4384	0.027125
1392	9.42	-4.4385	0.027125
1393	9.4201	-4.4384	0.027125
1394	9.4201	-4.4384	0.027125
1395	9.42	-4.4384	0.027125
1396	9.4201	-4.4385	0.027125
1397	8.3346	-4.2397	0.56431
1398	16.036	-5.7047	0.47829
1399	15.597	-1.6725	1.4377
1400	7.7765	-6.0248	1.058
1401	4.8243	-6.2047	1.0511
1402	10.378	-4.3218	0.45436
1403	9.5087	-6.1255	0.66141
1404	13.707	-16.797	0.79543
1405	10.899	-5.6267	0.97314
1406	8.5816	-3.9017	0.4052
1407	9.4201	-4.4384	0.027125
1408	9.4201	-4.4385	0.027125
1409	9.7935	-3.9279	0.15622
1410	9.0024	-6.2688	0.7783
1411	16.552	-3.183	0.65304
1412	7.0269	-6.4593	1.1291
1413	4.2352	-7.2749	1.2099
1414	10.356	-3.8964	0.47803
1415	8.6651	-1.4673	1.3879
1416	14.573	-17.447	1.5406
1417	9.9609	-8.8352	1.9035
1418	8.4205	-2.3046	0.98751
1419	9.4201	-4.4384	0.027125
1420	9.42	-4.4385	0.027125
1421	9.4201	-4.4385	0.027125
1422	10.914	-4.027	0.95588
1423	0.99187	-4.3472	1.5508
1424	15.256	-2.8265	0.68694
1425	6.4583	-7.0748	0.7411
1426	4.7079	-8.46	1.0277
1427	10.043	-3.8818	0.27716
1428	8.3648	0.38674	1.4882
1429	14.087	-11.86	1.1105
1430	9.1859	-7.7711	1.7213
1431	8.7445	-1.3567	1.4659
1432	9.4201	-4.4384	0.027125
1433	9.4201	-4.4385	0.027125
1434	9.4201	-4.4385	0.027125
1435	9.4201	-4.4384	0.027125
1436	9.4201	-4.4385	0.027125
1437	9.4201	-4.4385	0.027125
1438	10.5	-4.4934	0.55737
1439	-9.2755	-2.2846	0.97867
1440	12.805	-2.3163	1.1074
1441	6.7125	-7.834	0.35745
1442	4.6081	-9.257	1.1272
1443	9.6485	-4.016	0.096324
1444	8.3903	-1.281	1.3333
1445	12.472	-7.0275	0.79838
1446	10.084	-4.6787	0.25157
1447	9.3634	-1.9898	1.1857
1448	9.4205	-5.0081	0.10728
1449	-17.291	-0.3613	1.0631
1450	10.515	0.2963	1.48
1451	7.7896	-7.6198	0.98943
1452	4.5718	-8.0946	1.1404
1453	9.2542	-4.194	0.05555
1454	9.067	-3.4106	0.32543
1455	10.133	-6.5794	0.99089
1456	11.717	-0.79922	0.47699
1457	9.932	-3.9005	0.21789
1458	8.4766	-5.4538	0.58499
1459	-20.116	0.48785	0.81944
1460	9.9651	2.5285	0.84172
1461	9.3659	-7.4166	1.542
1462	4.9277	-6.9908	0.96941
1463	8.9632	-4.3969	0.13002
1464	10.134	-5.5954	0.51308
1465	8.3753	-7.7261	1.3722
1466	13.164	2.3775	1.1357
1467	10.261	-5.8131	0.65543
1468	8.3092	-5.3732	0.67656
1469	-13.289	-0.87317	0.43286
1470	10.714	2.9782	0.88934
1471	9.8634	-7.766	1.6755
1472	5.9535	-5.1271	1.853
1473	8.8823	-4.5834	0.17276
1474	10.878	-6.9817	1.0679
1475	8.3705	-7.3373	1.2572
1476	12.768	2.9693	1.5373
1477	10.364	-6.5369	0.98444
1478	8.7294	-4.755	0.27553
1479	-5.7839	-3.1258	1.5347
1480	13.358	0.35294	0.36382
1481	9.6495	-6.958	1.2364
1482	5.4678	-4.814	1.6754
1483	8.9048	-4.5526	0.15978
1484	11.182	-7.393	0.95341
1485	9.7276	-8.842	1.9972
1486	11.156	0.081204	0.87154
1487	10.005	-6.1262	0.7238
1488	9.6724	-4.2969	0.063668
1489	-0.5992	-4.8466	1.7983
1490	14.964	-3.2689	0.56213
1491	8.7626	-6.5867	0.98679
1492	3.1969	-5.393	0.22832
1493	9.2868	-4.3089	0.040156
1494	10.622	-6.5879	1.0194
1495	11.591	-12.686	1.5775
1496	9.81	-4.0543	0.13621
1497	9.1599	-4.5167	0.062265
1498	10.376	-3.8996	0.49251
1499	3.8681	-4.838	0.29108
1500	15.111	-5.5203	0.46612
1501	7.581	-7.1423	0.93774
1502	2.1784	-6.4011	0.9058
1503	9.6833	-4.0963	0.089756
1504	9.8701	-4.6666	0.13859
1505	12.67	-16.733	0.3717
1506	8.5788	-7.7443	1.4919
1507	8.5873	-3.0529	0.64955
1508	10.503	-3.7781	0.6093
1509	4.0187	-3.8816	0.41811
1510	14.334	-6.2465	1.0042
1511	6.4428	-7.645	0.39393
1512	1.2195	-6.9011	0.95492
1513	9.945	-4.0426	0.19563
1514	9.1301	-2.8483	0.61246
1515	13.534	-16.057	0.91147
1516	7.8463	-9.0981	1.0285
1517	8.5222	-2.8485	0.7544
1518	10.021	-3.944	0.25249
1519	2.8298	-2.2062	1.0135
1520	11.633	-4.1556	1.6214
1521	6.3049	-8.2021	0.14156
1522	0.6401	-7.2978	0.66603
1523	9.8868	-4.1808	0.14897
1524	8.8387	-1.6433	1.3514
1525	12.832	-13.098	2.0361
1526	8.044	-7.3799	1.1213
1527	8.6536	-3.5779	0.43485
1528	9.2987	-4.1976	0.048847
1529	-3.4755	-1.4499	1.4938
1530	10.241	-1.3428	1.4256
1531	6.5022	-7.4238	0.52501
1532	2.9023	-7.3294	1.4558
1533	9.6429	-4.3807	0.052682
1534	9.3329	-1.818	1.3028
1535	11.162	-11.954	1.1606
1536	8.4648	-4.0989	0.46544
1537	9.3026	-4.4247	0.034066
1538	8.6874	-4.4984	0.28424
1539	-8.4704	-1.066	1.4397
1540	11.006	0.27244	1.0205
1541	7.3331	-6.6738	1.0213
1542	4.9565	-8.155	0.81263
1543	9.3976	-4.5294	0.029445
1544	9.9026	-2.262	1.0003
1545	10.078	-10.266	1.4968
1546	9.6143	-1.3606	1.5851
1547	9.9154	-5.1694	0.26306
1548	8.428	-4.6511	0.48607
1549	-7.994	-1.774	1.0602
1550	12.956	1.8563	0.80655
1551	8.2111	-5.588	0.78359
1552	7.5544	-7.6564	0.83845
1553	9.1909	-4.6405	0.063205
1554	10.335	-3.1543	0.65314
1555	9.8941	-8.7048	1.928
1556	10.601	0.58634	1.3803
1557	10.383	-5.4538	0.60018
1558	8.6902	-4.5807	0.28556
1559	-2.5076	-2.5456	0.82012
1560	14.632	1.0111	1.4123
1561	8.9101	-5.6372	0.44973
1562	6.8758	-7.6005	0.5164
1563	9.1045	-4.7288	0.096502
1564	10.594	-4.3765	0.64244
1565	10.978	-11.056	1.0613
1566	10.502	-1.5079	1.2571
1567	10.172	-5.1471	0.3882
1568	9.2122	-4.4403	0.048665
1569	2.863	-3.3289	0.32657
1570	13.896	-0.17378	0.81114
1571	8.8188	-5.5287	0.43574
1572	4.703	-6.8877	1.0189
1573	9.1514	-4.7404	0.084909
1574	10.239	-5.4032	0.4991
1575	11.532	-13.641	1.5784
1576	9.9651	-4.9986	0.23888
1577	9.7911	-4.503	0.096241
1578	9.6897	-4.3178	0.066782
1579	8.6867	-2.7345	0.75823
1580	11.686	-1.0426	0.56313
1581	8.1208	-6.8576	1.0642
1582	2.4681	-6.1439	0.72977
1583	9.3729	-4.5844	0.033557
1584	9.3296	-5.9858	0.57121
1585	11.298	-14.585	1.2727
1586	9.4631	-7.4192	1.5446
1587	9.3196	-3.9184	0.098672
1588	10.037	-4.2576	0.21812
1589	5.1156	-2.6559	1.127
1590	10.351	0.11352	1.6256
1591	6.6645	-8.4807	0.13873
1592	2.5242	-5.9459	0.6138
1593	9.5848	-4.4107	0.040863
1594	8.7133	-5.5988	0.50866
1595	11.038	-14.937	1.1041
1596	9.0403	-7.9317	1.7601
1597	8.9876	-3.6508	0.256
1598	9.8545	-4.2536	0.12784
1599	1.4636	-2.2785	1.0061
1600	9.918	2.5786	0.80618
1601	6.5056	-8.0652	0.2111
1602	4.885	-5.8165	1.1113
1603	9.61	-4.3224	0.048425
1604	8.6562	-4.7871	0.32676
1605	10.848	-13.19	0.92702
1606	8.9112	-6.9183	1.1874
1607	8.9535	-3.585	0.29125
1608	9.1673	-4.401	0.05923
1609	-5.7005	-2.0105	0.88506
1610	10.98	3.8011	1.0195
1611	7.739	-7.1316	0.99045
1612	7.2669	-5.7129	1.3665
1613	9.4755	-4.3346	0.031356
1614	9.2791	-3.8544	0.12027
1615	10.556	-9.064	1.4705
1616	8.8646	-5.5691	0.43496
1617	8.9726	-3.7504	0.22987
1618	8.684	-4.5586	0.28859
1619	-13.69	-1.8557	0.93721
1620	12.319	4.3947	2.0118
1621	9.0253	-5.6666	0.431
1622	8.074	-7.3129	1.1263
1623	9.3211	-4.3762	0.03298
1624	9.9389	-3.1886	0.47713
1625	10.335	-5.1247	0.48998
1626	9.4561	-3.3473	0.31087
1627	9.3733	-3.9767	0.081024
1628	8.4557	-4.6424	0.46281
1629	-17.667	-2.2469	1.0861
1630	12.475	0.81971	0.20592
1631	8.5978	-4.9212	0.38576
1632	7.9527	-8.059	1.1143
1633	9.2275	-4.4357	0.045622
1634	10.233	-2.9399	0.69225
1635	10.29	-3.878	0.43298
1636	10.087	-2.0445	1.1249
1637	9.7672	-4.3469	0.088815
1638	8.8048	-4.6054	0.21617
1639	-11.121	-2.9561	1.0953
1640	12.975	-4.5527	1.9621
1641	7.9051	-6.1184	1.0057
1642	6.415	-8.9287	0.039344
1643	9.1778	-4.5167	0.057822
1644	10.079	-3.7733	0.32257
1645	10.43	-8.531	1.5648
1646	10.462	-2.157	1.0517
1647	9.9448	-4.7007	0.17681
1648	9.2836	-4.4901	0.037083
1649	1.3889	-3.3364	1.1316
1650	13.176	-6.4779	1.1617
1651	7.4658	-6.6709	1.0233
1652	5.8084	-9.6276	0.26179
1653	9.2825	-4.5787	0.041454
1654	9.8375	-4.8608	0.15377
1655	11.048	-14.03	1.1258
1656	10.218	-3.7759	0.40455
1657	9.9071	-4.918	0.19418
1658	9.7078	-4.3833	0.068986
1659	9.5416	-3.1857	0.39938
1660	13.044	-6.5495	1.1253
1661	7.5327	-7.3157	0.88723
1662	6.2796	-9.1221	0.044595
1663	9.4382	-4.5563	0.030763
1664	9.5674	-5.3823	0.25077
1665	11.374	-18.295	0.77157
1666	9.7314	-5.229	0.2207
1667	9.5404	-4.8685	0.080001
1668	10.056	-4.3233	0.22579
1669	9.0828	-2.9594	0.55324
1670	13.132	-5.4684	1.6824
1671	7.3817	-6.9962	0.9201
1672	7.3561	-8.6344	0.56213
1673	9.5672	-4.5178	0.0395
1674	9.4038	-5.5636	0.32793
1675	11.323	-19.098	0.93326
1676	9.325	-5.7412	0.42566
1677	9.1703	-4.5743	0.062639
1678	9.8386	-4.3903	0.11408
1679	5.057	-2.0848	0.97489
1680	12.848	-2.711	1.3691
1681	7.5446	-6.5034	1.0594
1682	8.8462	-6.2059	0.7625
1683	9.6333	-4.4762	0.050148
1684	9.3042	-4.9714	0.1036
1685	11.044	-13.186	1.1217
1686	8.992	-5.153	0.23112
1687	9.0486	-4.2619	0.10252
1688	9.332	-4.4627	0.03115
1689	1.6195	-1.4204	1.0273
1690	11.41	0.8361	0.69809
1691	8.0496	-6.6806	1.0296
1692	9.566	-3.7725	0.14555
1693	9.4749	-4.4549	0.028698
1694	9.2312	-4.4	0.045281
1695	10.315	-8.4495	1.6436
1696	9.2593	-4.071	0.073154
1697	9.2184	-4.0407	0.085858
1698	8.9144	-4.5197	0.15372
1699	-5.0154	-1.6771	0.89495
1700	9.815	3.4047	0.3404
1701	8.3446	-6.2714	0.89801
1702	8.6103	-3.3529	0.52904
1703	9.3268	-4.4294	0.031494
1704	9.2035	-3.9221	0.11482
1705	9.9579	-3.942	0.22092
1706	9.4981	-3.2861	0.34339
1707	9.4709	-3.915	0.096104
1708	8.7763	-4.5375	0.22915
1709	-6.1787	-2.7971	1.4053
1710	9.322	3.592	0.20492
1711	7.827	-6.6352	1.0269
1712	7.2095	-6.1138	1.2503
1713	9.256	-4.4227	0.040623
1714	9.2341	-3.8242	0.13557
1715	9.6693	-1.1347	1.698
1716	9.618	-2.8802	0.58442
1717	9.6767	-3.9876	0.1087
1718	8.8867	-4.5167	0.16734
1719	-6.9176	-3.9665	1.7761
1720	9.1528	3.2784	0.36888
1721	7.8265	-6.2524	1.033
1722	6.4455	-9.3905	0.10777
1723	9.2279	-4.4288	0.045557
1724	9.313	-4.0131	0.077482
1725	9.3431	-6.8819	1.1864
1726	9.6836	-3.4878	0.27197
1727	9.7196	-4.3783	0.072549
1728	9.33	-4.4542	0.031245
1729	-5.5724	-4.1994	1.7588
1730	9.4327	1.6649	1.4064
1731	7.8697	-5.2765	1.0094
1732	6.4516	-9.7396	0.22258
1733	9.292	-4.4431	0.03532
1734	9.415	-4.2339	0.03759
1735	10.178	-14.964	0.78797
1736	9.4902	-4.5853	0.034964
1737	9.5589	-4.7699	0.06388
1738	9.7336	-4.3955	0.076352
1739	-1.8927	-2.9823	0.84099
1740	11.49	-1.8112	0.89816
1741	7.9671	-5.282	0.92928
1742	7.5121	-8.9502	0.69919
1743	9.3844	-4.4556	0.027836
1744	9.5054	-4.4965	0.031605
1745	10.712	-20.636	1.012
1746	9.3004	-5.5175	0.3099
1747	9.3547	-4.891	0.079985
1748	9.8459	-4.3624	0.11782
1749	4.1233	-1.1732	1.3798
1750	14.967	-4.8053	0.34821
1751	8.3947	-5.0796	0.56063
1752	8.8126	-6.5048	0.93789
1753	9.4675	-4.4664	0.028446
1754	9.5421	-4.7098	0.052811
1755	11.609	-21.89	1.7144
1756	9.1937	-6.0798	0.6394
1757	9.1992	-4.7726	0.07855
1758	9.5395	-4.3688	0.035456
1759	6.8157	-0.25944	0.16457
1760	15.642	-6.5387	0.98332
1761	8.721	-6.4843	0.93275
1762	9.311	-4.8825	0.081725
1763	9.4962	-4.4607	0.030149
1764	9.5395	-4.7767	0.062571
1765	12.642	-17.79	0.12203
1766	9.1835	-5.8847	0.52114
1767	9.1728	-4.5341	0.059776
1768	9.1405	-4.4291	0.065979
1769	10.353	-0.021009	1.6261
1770	15.125	-1.9539	1.2152
1771	7.9915	-7.5257	1.1086
1772	9.355	-3.2924	0.33929
1773	9.485	-4.4542	0.029295
1774	9.5068	-4.7937	0.062208
1775	12.094	-11.46	1.289
1776	9.3415	-5.1654	0.15921
1777	9.2236	-4.2579	0.054332
1778	8.8542	-4.4994	0.18375
1779	12.895	-2.07	0.94149
1780	12.555	1.6027	0.61641
1781	7.0835	-8.2161	0.40956
1782	7.9556	-2.527	0.99567
1783	9.4132	-4.4409	0.02715
1784	9.466	-4.7586	0.053709
1785	10.682	-3.5983	0.77635
1786	9.5308	-4.2271	0.044342
1787	9.3308	-4.0755	0.063739
1788	8.9461	-4.5434	0.1398
1789	12.73	-3.4707	1.8061
1790	9.6497	3.7135	0.17872
1791	7.09	-7.1598	0.78791
1792	7.3366	-4.0631	1.4945
1793	9.3542	-4.4289	0.029316
1794	9.4159	-4.5286	0.029166
1795	10.235	1.6228	1.3099
1796	9.6462	-3.4816	0.26755
1797	9.4964	-4.072	0.063368
1798	9.2143	-4.5482	0.051188
1799	9.3803	-4.4826	0.028406
1800	7.0395	5.1089	1.6671
1801	7.7775	-6.4627	1.0364
1802	7.1695	-6.2441	1.2077
1803	9.3497	-4.4254	0.02964
1804	9.3736	-4.3125	0.032167
1805	10.201	-3.4857	0.47262
1806	9.5971	-3.3588	0.3162
1807	9.5841	-4.2129	0.053087
1808	9.5339	-4.532	0.035779
1809	6.4943	-5.3576	1.798
1810	6.918	2.6259	1.2408
1811	8.5154	-5.5696	0.59649
1812	7.8798	-8.0937	1.0537
1813	9.3827	-4.4295	0.027845
1814	9.3555	-4.2615	0.037013
1815	10.796	-13.32	0.87539
1816	9.4465	-4.0595	0.063181
1817	9.553	-4.4047	0.036242
1818	9.7279	-4.4686	0.074409
1819	5.756	-6.0381	1.3877
1820	7.9374	-0.10372	1.0989
1821	9.2406	-5.9156	0.53358
1822	7.9443	-9.3139	1.1236
1823	9.4301	-4.4425	0.027179
1824	9.3947	-4.2836	0.033438
1825	11.504	-22.124	1.6409
1826	9.3237	-4.9592	0.09855
1827	9.4936	-4.5838	0.035104
1828	9.8716	-4.409	0.12767
1829	5.7941	-5.2052	1.7727
1830	8.8461	-3.6698	0.30773
1831	8.9651	-6.4133	0.87213
1832	7.3136	-10.165	0.72117
1833	9.4676	-4.4522	0.028304
1834	9.4367	-4.4524	0.027313
1835	12.166	-24.751	0.98687
1836	9.3059	-5.4419	0.27373
1837	9.3903	-4.6749	0.041524
1838	9.7303	-4.3724	0.075937
1839	7.8772	-4.0356	0.99732
1840	9.8783	-3.6897	0.25338
1841	7.5414	-6.9582	0.96287
1842	7.1693	-9.6377	0.49099
1843	9.4775	-4.4546	0.02884
1844	9.4711	-4.5975	0.034748
1845	12.414	-22.709	2.0959
1846	9.3587	-5.5956	0.3454
1847	9.3129	-4.6087	0.040069
1848	9.3982	-4.3632	0.028782
1849	10.176	-3.2411	0.54592
1850	10.641	-1.6812	1.1583
1851	6.8556	-7.5509	0.5329
1852	7.4939	-6.4039	1.0888
1853	9.4809	-4.4516	0.029022
1854	9.4852	-4.6558	0.041024
1855	12.263	-19.51	0.81315
1856	9.4795	-5.6028	0.34923
1857	9.3147	-4.523	0.034455
1858	9.1121	-4.3772	0.075068
1859	11.836	-2.8596	1.362
1860	10.458	0.99807	1.4172
1861	6.3257	-8.2841	0.11712
1862	7.524	-3.9347	1.3214
1863	9.4475	-4.4432	0.027507
1864	9.4715	-4.6142	0.036157
1865	12.049	-9.5043	0.27146
1866	9.5597	-5.4682	0.28861
1867	9.3512	-4.3892	0.030103
1868	8.9309	-4.391	0.14484
1869	11.21	-2.8396	1.1235
1870	9.7595	3.0344	0.51259
1871	6.6463	-8.5114	0.12691
1872	7.7864	-4.0807	1.0846
1873	9.4021	-4.4347	0.027291
1874	9.4368	-4.5061	0.028411
1875	11.252	-2.4527	1.0745
1876	9.5411	-4.6255	0.043137
1877	9.4192	-4.2991	0.031978
1878	9.193	-4.3959	0.053237
1879	8.9607	-3.1897	0.4571
1880	8.9673	3.651	0.26329
1881	7.9303	-7.0859	1.0507
1882	8.3731	-6.1115	0.83782
1883	9.3756	-4.4286	0.028137
1884	9.4035	-4.3844	0.027992
1885	10.396	0.096905	1.59
1886	9.4796	-3.862	0.11076
1887	9.4783	-4.2613	0.03665
1888	9.5627	-4.3979	0.037699
1889	7.221	-3.9042	1.566
1890	8.3334	2.4681	0.93885
1891	8.5438	-6.2998	0.86592
1892	8.4315	-7.577	1.3605
1893	9.378	-4.4264	0.028045
1894	9.3977	-4.2919	0.032742
1895	10.499	-1.4928	1.2628
1896	9.4021	-3.325	0.3215
1897	9.5096	-4.3453	0.033296
1898	9.7772	-4.4115	0.090456
1899	7.7741	-4.7884	1.0982
1900	8.829	0.033753	1.8469
1901	8.4775	-5.212	0.52509
1902	8.009	-7.9739	1.1553
1903	9.4071	-4.43	0.027228
1904	9.4147	-4.2844	0.033068
1905	10.801	-4.3334	0.84091
1906	9.3446	-3.6698	0.17367
1907	9.5316	-4.4835	0.033852
1908	9.7291	-4.4143	0.074679
1909	9.0645	-5.3832	0.29134
1910	9.7656	-3.2767	0.3867
1911	7.772	-4.2537	1.1008
1912	8.0717	-7.0362	1.0848
1913	9.4394	-4.4404	0.027314
1914	9.4369	-4.3488	0.029277
1915	11.055	-12.538	1.1205
1916	9.3293	-4.0452	0.069499
1917	9.5129	-4.5646	0.0354
1918	9.5989	-4.4173	0.043196
1919	10.313	-5.0085	0.45178
1920	10.512	-3.2865	0.71262
1921	7.0499	-3.7868	1.6601
1922	7.9861	-5.1836	0.90857
1923	9.4491	-4.4485	0.027572
1924	9.4495	-4.4293	0.027578
1925	11.294	-17.2	0.83513
1926	9.3538	-4.5906	0.035095
1927	9.4395	-4.5825	0.032504
1928	9.3962	-4.4249	0.027457
1929	10.784	-4.4245	0.82399
1930	10.887	-0.16757	1.1377
1931	6.7741	-5.2482	1.7611
1932	8.2834	-3.4294	0.70618
1933	9.4381	-4.4532	0.027342
1934	9.4478	-4.5045	0.028602
1935	10.853	-20.704	1.068
1936	9.444	-5.0081	0.10756
1937	9.3708	-4.4823	0.028823
1938	9.2215	-4.4336	0.046792
1939	10.088	-3.9521	0.28858
1940	10.75	3.4476	0.84681
1941	7.6577	-7.3897	0.93259
1942	8.3202	-2.8924	0.81403
1943	9.4228	-4.4489	0.027156
1944	9.4429	-4.5426	0.0301
1945	11.13	-16.13	1.0425
1946	9.5229	-4.8996	0.084939
1947	9.352	-4.3774	0.030372
1948	9.1234	-4.4394	0.070819
1949	9.1934	-3.7115	0.17851
1950	10.082	3.18	0.53148
1951	8.6033	-8.8317	1.7187
1952	8.335	-3.0325	0.76864
1953	9.405	-4.4434	0.027245
1954	9.4283	-4.5542	0.030511
1955	11.443	-12.205	1.3732
1956	9.5693	-4.7666	0.064821
1957	9.3608	-4.3056	0.033284
1958	9.3009	-4.4443	0.034234
1959	8.6202	-3.7774	0.40413
1960	9.3895	0.66004	1.9146
1961	8.4151	-8.1904	1.5036
1962	8.1446	-3.5354	0.79015
1963	9.3951	-4.4356	0.027438
1964	9.4137	-4.5206	0.028835
1965	11.732	-8.7924	0.38333
1966	9.5426	-4.5779	0.039461
1967	9.4176	-4.2994	0.03196
1968	9.5435	-4.44	0.034738
1969	8.6227	-4.2859	0.33228
1970	8.8183	-1.7353	1.2971
1971	8.47	-6.2397	0.85678
1972	7.9807	-4.4105	0.89441
1973	9.3896	-4.4306	0.027606
1974	9.411	-4.4443	0.027176
1975	11.64	-6.0058	1.3127
1976	9.4492	-4.3828	0.028323
1977	9.4677	-4.3272	0.031351
1978	9.7304	-4.4317	0.074947
1979	9.0546	-4.7999	0.12354
1980	8.576	-3.1175	0.62952
1981	8.7052	-5.2828	0.40261
1982	7.1833	-7.1654	0.8101
1983	9.4063	-4.4297	0.027239
1984	9.4122	-4.3781	0.028066
1985	11.136	-3.6105	1.1511
1986	9.3627	-4.2175	0.04094
1987	9.5015	-4.4058	0.030707
1988	9.8114	-4.4246	0.10284
1989	9.5974	-5.0281	0.12736
1990	8.9661	-1.1831	1.6212
1991	7.8592	-6.1572	1.0231
1992	7.1342	-9.1941	0.39026
1993	9.4253	-4.4346	0.027143
1994	9.4164	-4.3465	0.029247
1995	10.487	-4.4993	0.54638
1996	9.3254	-4.1734	0.049034
1997	9.5043	-4.4867	0.03125
1998	9.64	-4.4237	0.051283
1999	9.9647	-5.0357	0.24767
2000	9.7501	0.06627	1.9703
