1	59.284	55.598	2.611
2	-217.4	-449.8	62.805
3	-259.53	213.72	29.581
4	218.27	-273.79	31.676
5	22.745	-470.74	57.25
6	-124.67	-209.51	16.344
7	-298.89	271.42	40.881
8	-256.73	-325.05	44.449
9	-113.13	-78.483	5.245
10	-256.34	66.544	18.835
11	-403.75	518.27	108.88
12	510.72	-451.89	117.39
13	-161.82	-160.43	13.958
14	364.84	83.678	36.821
15	277.94	-226.69	33.247
16	599.87	590.45	177.18
17	41.958	-51.718	2.296
18	-105.23	352.04	34.745
19	-441.79	-13.592	49.461
20	593.85	-84.169	89.953
21	-138.38	-255.1	22.307
22	212.07	-259.64	29.094
23	27.155	-353.72	32.616
24	-132.89	265.12	22.684
25	-154.77	-222.25	20.012
26	-238.73	61.495	15.316
27	-320.76	441.32	75.893
28	324.09	-273.82	46.356
29	236.05	-224.39	27.505
30	537.67	292.51	95.448
31	41.958	-51.718	2.296
32	-33.501	304.49	24.407
33	-374.85	-20.187	36.156
34	416.16	-68.53	45.495
35	281.96	188.28	29.474
36	-198.04	-291.72	32.557
37	281.96	-51.718	21.241
38	41.958	188.28	10.466
39	-198.04	-51.718	11.898
40	41.958	-291.72	22.925
41	-41.234	-73.425	2.6964
42	193.56	-181.31	18.873
43	37.451	-197.75	11.159
44	22.001	222.7	14.443
45	-14.912	-107.05	4.5897
46	-192.11	24.557	10.453
47	-214.02	225.27	25.691
48	126.6	-94.492	7.6341
49	134.53	-178.96	14.071
50	479.98	8.1637	59.289
51	41.958	-51.718	2.296
52	60.367	184.89	10.73
53	-289.37	-27.995	21.578
54	134.35	-48.258	5.4222
55	161.96	68.282	8.7894
56	-78.042	-171.72	9.4953
57	161.96	-51.718	8.1556
58	41.958	68.282	2.4304
59	-78.042	-51.718	3.5668
60	41.958	-171.72	8.6129
61	51.335	90.22	3.4192
62	132.24	-82.429	7.2293
63	48.097	-28.864	1.7924
64	164.92	91.108	9.8751
65	132.12	13.029	6.3694
66	-47.64	-45.681	2.6397
67	-79.541	-80.464	4.7074
68	-60.84	82.551	3.5267
69	6.8326	-75.564	3.2917
70	283.02	-264.61	38.355
71	41.958	-51.718	2.296
72	140.47	-17.369	6.5998
73	-74.257	-44.442	2.4562
74	-123.45	-30.173	4.5641
75	65.313	28.54	2.4576
76	57.668	122.97	5.3808
77	254.13	-45.725	18.242
78	220.08	56.239	14.369
79	104.35	-104.77	6.6631
80	62.733	-332.94	30.671
81	-184.71	237.27	23.367
82	-91.218	33.155	3.2385
83	20.797	-477.8	58.229
84	42.926	-44.509	1.4642
85	176.92	-204.66	18.759
86	166.96	-57.077	7.9865
87	-336.72	-13.395	28.548
88	60.687	202.5	12.305
89	186.77	-523.06	78.221
90	-169.54	187.8	16.347
91	-155.9	102.32	10.071
92	-134.18	-514.08	71.95
93	43.797	-38.03	2.0242
94	178.42	-237.78	23.144
95	304.17	-63.59	25.609
96	-324.72	-16.513	27.695
97	282.93	195.49	29.583
98	-197.07	-284.51	31.604
99	282.93	-44.509	20.525
100	42.926	195.49	10.522
101	-197.07	-44.509	11.866
102	42.926	-284.51	21.208
103	58.312	200.57	11.735
104	214.34	-530.91	82.959
105	-89.508	61.513	3.9246
106	-133.06	76.486	7.2328
107	-244.03	-403.84	57.163
108	44.044	-36.443	1.0144
109	133.67	-144.93	10.662
110	391	-63.929	40.199
111	-224.04	-27.866	14.104
112	95.734	-189.24	12.269
113	-228.45	-150.38	20.261
114	44.267	-35.019	0.90193
115	349	-53.927	33.049
116	-87.964	150.01	7.8233
117	-179.69	121.88	12.613
118	44.467	-33.739	1.5214
119	284.27	204.98	31.663
120	-195.73	-275.02	28.936
121	284.27	-35.019	21.464
122	44.267	204.98	11.122
123	-195.73	-35.019	10.346
124	44.267	-275.02	19.485
125	-243.38	403.19	56.38
126	-60.358	336.23	30.59
127	44.612	-32.943	1.9827
128	164.27	84.981	10.121
129	-75.733	-155.02	9.3316
130	164.27	-35.019	7.4761
131	44.267	84.981	4.1791
132	-75.733	-35.019	1.8602
133	44.267	-155.02	8.4021
134	-301.13	536.23	96.066
135	83.78	494.35	63.515
136	44.483	-33.558	1.6303
137	104.27	24.981	4.1857
138	-15.733	-95.019	2.9706
139	104.27	-35.019	4.7967
140	44.267	24.981	1.2847
141	-15.733	-35.019	2.3002
142	44.267	-95.019	4.0815
143	-239.7	125.05	18.741
144	119.28	501.81	68.491
145	44.22	-35.23	0.85088
146	-53.428	-351.84	31.837
147	1.2205	344.43	30.632
148	43.984	-36.73	1.1531
149	104.22	24.77	4.0686
150	-15.78	-95.23	3.1251
151	104.22	-35.23	4.8589
152	44.22	24.77	1.4149
153	-15.78	-35.23	2.3456
154	44.22	-95.23	3.9551
155	116.88	-600	93.622
156	-129.43	42.602	5.8653
157	43.867	-37.638	1.7462
158	74.22	-5.2302	2.7086
159	14.22	-65.23	2.0697
160	74.22	-35.23	2.3144
161	44.22	-5.2302	2.3209
162	14.22	-35.23	1.4413
163	44.22	-65.23	3.0784
164	222.88	-396.72	52.172
165	-195.39	-239.66	24.101
166	43.976	-37.694	1.7891
167	59.22	-20.23	1.8302
168	29.22	-50.23	1.5088
169	59.22	-35.23	3.0567
170	44.22	-20.23	1.7534
171	29.22	-35.23	2.0949
172	44.22	-50.23	2.6766
173	199.96	-95.973	13.157
174	-120.35	-428.43	50.386
175	44.186	-37.186	1.4444
176	51.72	-27.73	1.7766
177	36.72	-42.73	1.5921
178	51.72	-35.23	1.8656
179	44.22	-27.73	0.9757
180	36.72	-35.23	1.1034
181	44.22	-42.73	1.5941
182	85.351	179.66	11.061
183	-46.96	-328.82	29.568
184	44.406	-36.117	0.98158
185	47.97	-31.48	1.1837
186	40.47	-38.98	1.0832
187	47.97	-35.23	2.5325
188	44.22	-31.48	2.6737
189	40.47	-35.23	2.629
190	44.22	-38.98	2.6051
191	-48.563	383.11	38.382
192	27.472	-45.844	2.0892
193	44.51	-34.455	1.1713
194	46.095	-33.355	1.8216
195	42.345	-37.105	1.8225
196	46.095	-35.23	2.3445
197	44.22	-33.355	1.7439
198	42.345	-35.23	1.8236
199	44.22	-37.105	1.3962
200	-143.45	200.5	16.644
201	102.45	210.98	14.738
202	44.416	-33.164	1.8692
203	45.157	-34.293	1.5593
204	43.282	-36.168	1.104
205	45.157	-35.23	1.4439
206	44.22	-34.293	1.1667
207	43.282	-35.23	1.0325
208	44.22	-36.168	0.93721
209	-191.86	-6.4198	10.045
210	119.98	371.25	38.898
211	44.267	-33.27	1.8013
212	44.688	-34.761	1.1538
213	43.751	-35.699	0.82968
214	-180.58	-198.97	18.999
215	102.52	372.43	38.652
216	43.885	-35.255	0.8175
217	-82.752	-326.89	29.313
218	48.225	207.6	12.061
219	43.544	-37.03	1.3677
220	44.823	-34.317	1.3648
221	42.948	-36.192	1.3306
222	44.823	-35.255	1.1597
223	43.885	-34.317	1.1316
224	42.948	-35.255	1.2715
225	43.885	-36.192	0.91674
226	55.207	-221.77	13.838
227	-2.8554	-27.359	2.0329
228	43.285	-37.358	1.6002
229	44.354	-34.786	0.99292
230	43.417	-35.724	0.953
231	44.354	-35.255	0.89011
232	43.885	-34.786	0.92789
233	43.417	-35.255	0.95527
234	43.885	-35.724	0.81333
235	151.42	-75.015	8.898
236	-27.268	-241.48	16.004
237	43.237	-37.081	1.4697
238	44.354	-35.255	0.89011
239	43.417	-36.192	1.042
240	44.354	-35.724	0.88674
241	43.885	-35.255	0.8175
242	43.417	-35.724	0.953
243	43.885	-36.192	0.91674
244	182.33	72.538	10.113
245	-29.555	-366.47	34.807
246	43.293	-36.084	1.0782
247	44.12	-35.489	0.81164
248	64.274	152.29	7.7477
249	5.6806	-359.49	34.111
250	43.636	-34.941	0.92448
251	44.354	-35.255	0.89011
252	43.885	-35.724	0.81333
253	44.354	-35.489	0.87566
254	44.12	-35.255	0.82727
255	43.885	-35.489	0.80178
256	-107.25	75.954	6.1827
257	51.199	-65.267	3.0554
258	44.091	-34.383	1.1037
259	44.12	-35.255	0.82727
260	43.651	-35.724	0.85751
261	44.12	-35.489	0.81164
262	43.885	-35.255	0.8175
263	43.651	-35.489	0.84632
264	43.885	-35.724	0.81333
265	-193.4	-78.659	11.782
266	71.341	218.22	13.607
267	44.387	-34.762	1.012
268	44.002	-35.372	0.80435
269	43.768	-35.606	0.81971
270	44.002	-35.489	0.79985
271	-241.24	-199.88	24.747
272	55.031	415.41	44.899
273	44.504	-35.458	0.94387
274	44.12	-35.372	0.81608
275	43.885	-35.606	0.80414
276	44.12	-35.489	0.81164
277	44.002	-35.372	0.80435
278	43.885	-35.489	0.80178
279	44.002	-35.606	0.80222
280	-94.027	-258.5	19.096
281	9.9201	535.23	72.728
282	44.252	-36.081	0.92011
283	44.061	-35.431	0.80542
284	43.944	-35.548	0.79942
285	102.76	-268.49	21.792
286	-25.24	526.66	70.625
287	43.8	-36.387	0.997
288	44.002	-35.489	0.79985
289	43.885	-35.606	0.80414
290	44.002	-35.548	0.80018
291	43.944	-35.489	0.7991
292	182.36	-203.7	18.806
293	-30.391	163.35	8.289
294	43.464	-35.861	0.94709
295	44.002	-35.431	0.80125
296	43.885	-35.548	0.8021
297	44.002	-35.489	0.79985
298	43.944	-35.431	0.80049
299	43.885	-35.489	0.80178
300	43.944	-35.548	0.79942
301	194.06	-65.69	12.083
302	-3.6174	-269.28	18.832
303	43.301	-35.229	1.0212
304	43.973	-35.46	0.79953
305	43.915	-35.519	0.79996
306	43.973	-35.489	0.79905
307	95.553	62.915	4.0429
308	26.908	-581.6	85.55
309	43.701	-34.816	0.94398
310	44.002	-35.46	0.80033
311	43.944	-35.519	0.79905
312	-17.169	147.45	6.4175
313	58.587	-600	91.412
314	44.231	-34.754	0.96886
315	43.973	-35.489	0.79905
316	43.915	-35.548	0.80033
317	43.973	-35.519	0.79899
318	-61.961	121.64	5.8989
319	60.143	-501.87	63.98
320	44.595	-35.052	1.035
321	44.002	-35.489	0.79985
322	43.944	-35.548	0.79942
323	44.002	-35.519	0.7998
324	43.973	-35.489	0.79905
325	43.944	-35.519	0.79905
326	43.973	-35.548	0.79937
327	21.675	67.311	1.4037
328	59.248	-177.1	10.538
329	44.826	-35.714	1.1611
330	43.988	-35.504	0.79926
331	43.958	-35.533	0.79905
332	43.988	-35.519	0.79929
333	43.973	-35.504	0.79897
334	98.957	3.5191	3.4487
335	49.352	178.66	9.1109
336	44.724	-36.277	1.1885
337	43.988	-35.489	0.79934
338	43.958	-35.519	0.79891
339	124.07	-42.568	5.3068
340	29.6	342.71	30.361
341	44.118	-36.12	0.90345
342	43.973	-35.504	0.79897
343	43.944	-35.533	0.79918
344	43.973	-35.519	0.79899
345	43.958	-35.504	0.79889
346	115.37	-41.257	4.3497
347	9.2129	309.02	25.063
348	43.52	-35.57	0.89499
349	43.973	-35.489	0.79905
350	43.944	-35.519	0.79905
351	43.973	-35.504	0.79897
352	43.958	-35.489	0.79897
353	43.944	-35.504	0.79902
354	43.958	-35.519	0.79891
355	49.995	-7.1596	1.3071
356	2.6827	186.16	10.518
357	43.119	-35.049	1.1611
358	43.966	-35.497	0.79893
359	43.951	-35.511	0.79893
360	43.966	-35.504	0.7989
361	43.958	-35.497	0.79891
362	43.951	-35.504	0.79893
363	43.958	-35.511	0.79889
364	-10.161	14.003	0.41661
365	-1.7909	-29.63	1.1097
366	43.474	-34.838	1.0087
367	-63.67	32.827	2.5121
368	-9.2487	-209.4	11.083
369	20.358	-20.395	1.2251
370	-10.154	14.01	0.41405
371	-80.438	44.156	2.7892
372	-15.982	-242.89	15.324
373	0.80378	-7.7522	0.53245
374	-10.147	14.018	0.41157
375	-63.941	45.436	2.201
376	-17.363	-173.77	8.703
377	-17.979	6.0076	1.3784
378	-10.132	14.032	0.40684
379	-14.577	30.604	0.88779
380	-12.718	-54.687	1.2294
381	-26.362	16.461	1.0401
382	-10.103	14.062	0.39831
383	31.815	13.051	2.1994
384	-4.9832	64.538	2.0695
385	-21.259	14.497	0.66139
386	-10.044	14.12	0.385
387	56.835	-2.0819	1.7141
388	1.6996	136.59	5.5759
389	-10.801	3.8988	0.85398
390	-9.9269	14.237	0.37353
391	40.924	-11.209	1.3783
392	4.5373	96.568	3.4539
393	3.9739	-8.3116	1.6396
394	-9.6925	14.472	0.40968
395	-10.161	14.003	0.41661
396	-9.6925	14.237	0.30209
397	0.010679	-2.4943	1.1933
398	-0.19721	-7.92	0.25498
399	9.4189	-18.568	1.954
400	-39.447	8.934	1.5847
401	-4.3991	-100.65	3.3934
402	13.55	-22.378	1.7217
403	0.27154	-7.4513	0.50508
404	-0.66596	-8.3888	0.27944
405	0.27154	-7.92	0.26837
406	-0.19721	-7.4513	0.49596
407	-0.66596	-7.92	0.4058
408	-0.19721	-8.3888	0.096922
409	-57.285	13.386	2.6057
410	-6.5053	-130.35	5.7305
411	12.994	-15.958	0.84688
412	0.27154	-7.92	0.26837
413	-0.66596	-8.8575	0.23356
414	0.27154	-8.3888	0.11313
415	-0.19721	-7.92	0.25498
416	-0.66596	-8.3888	0.27944
417	-0.19721	-8.8575	0.039203
418	-56.092	7.0943	1.5304
419	-6.41	-120.33	5.5878
420	6.7238	-7.3331	0.6128
421	0.74029	-7.92	0.4431
422	-1.1347	-9.795	0.68625
423	0.74029	-8.8575	0.28162
424	-0.19721	-7.92	0.25498
425	-1.1347	-8.8575	0.59763
426	-0.19721	-9.795	0.23917
427	-23.711	3.8897	1.282
428	-1.1858	-45.716	1.2925
429	-0.80559	-0.62762	0.37468
430	0.27154	-8.3888	0.11313
431	-0.66596	-9.3263	0.27337
432	0.27154	-8.8575	0.056465
433	-0.19721	-8.3888	0.096922
434	-0.66596	-8.8575	0.23356
435	-0.19721	-9.3263	0.088323
436	20.012	-1.9683	1.0304
437	3.7565	43.572	2.1495
438	-7.4242	2.3968	1.0668
439	0.037161	-8.6231	0.036463
440	40.859	-3.2324	0.76459
441	7.6961	93.523	3.3568
442	-9.0356	4.622	0.10793
443	0.27154	-8.3888	0.11313
444	-0.19721	-8.8575	0.039203
445	0.27154	-8.6231	0.071812
446	0.037161	-8.3888	0.079362
447	-0.19721	-8.6231	0.054844
448	0.037161	-8.8575	0.020504
449	43.467	-2.3979	1.5821
450	6.1137	62.975	1.1594
451	-7.2452	4.4824	1.5898
452	0.27154	-8.6231	0.071812
453	-0.19721	-9.0919	0.050456
454	0.27154	-8.8575	0.056465
455	0.037161	-8.6231	0.036463
456	-0.19721	-8.8575	0.039203
457	0.037161	-9.0919	0.031951
458	24.777	5.3985	1.8922
459	1.1264	19.801	1.04
460	-3.7352	2.9403	0.60224
461	0.15435	-8.7403	0.036213
462	-0.080026	-8.9747	0.025309
463	0.15435	-8.8575	0.031705
464	0.037161	-8.7403	0.025069
465	-0.080026	-8.8575	0.023015
466	0.037161	-8.9747	0.022802
467	-9.4047	13.241	0.068055
468	-4.017	-36.952	1.6935
469	0.93975	0.8722	0.51911
470	0.095755	-8.7989	0.025815
471	-0.021433	-8.9161	0.020334
472	-37.702	15.216	1.6473
473	-7.9339	-62.141	2.0609
474	0.9928	-1.118	0.61624
475	0.037161	-8.8575	0.020504
476	-0.080026	-8.9747	0.025309
477	0.037161	-8.9161	0.020795
478	-0.021433	-8.8575	0.020043
479	-44.483	6.133	1.8259
480	-9.8697	-67.753	1.5334
481	-1.4088	-2.2068	1
482	0.037161	-8.7989	0.02193
483	-0.080026	-8.9161	0.023306
484	0.037161	-8.8575	0.020504
485	-0.021433	-8.7989	0.02147
486	-0.080026	-8.8575	0.023015
487	-0.021433	-8.9161	0.020334
488	-33.891	-3.9789	0.54708
489	-5.1362	-42.799	1.2974
490	-5.5451	-3.7334	1.6598
491	0.0078643	-8.8282	0.020343
492	-0.050729	-8.8868	0.021031
493	0.0078643	-8.8575	0.019844
494	-23.725	-7.9864	1.0258
495	2.1915	-9.3624	1.572
496	-8.9982	-3.2827	0.40208
497	0.037161	-8.8282	0.021002
498	-0.021433	-8.8868	0.019974
499	0.037161	-8.8575	0.020504
500	0.0078643	-8.8282	0.020343
501	-0.021433	-8.8575	0.020043
502	0.0078643	-8.8868	0.019775
503	-1.0662	-2.6282	1.1392
504	7.0136	20.391	1.3231
505	-8.3342	-2.2652	1.0044
506	0.037161	-8.8575	0.020504
507	-0.021433	-8.9161	0.020334
508	0.037161	-8.8868	0.020435
509	0.0078643	-8.8575	0.019844
510	-0.021433	-8.8868	0.019974
511	0.0078643	-8.9161	0.020135
512	17.155	7.0308	1.1176
513	7.3122	28.439	1.0579
514	-7.5404	0.53787	0.72786
515	0.022513	-8.8722	0.019979
516	-0.0067841	-8.9015	0.019894
517	0.022513	-8.8868	0.019998
518	0.0078643	-8.8722	0.019756
519	21.613	12.055	0.57577
520	2.3929	5.9704	0.66514
521	-6.2104	-0.30848	0.035947
522	0.022513	-8.8575	0.020067
523	-0.0067841	-8.8868	0.019767
524	0.022513	-8.8722	0.019979
525	0.0078643	-8.8575	0.019844
526	-0.0067841	-8.8722	0.019748
527	13.322	7.1168	0.82819
528	-3.4743	-22.929	0.30749
529	-4.6784	-5.1853	0.98282
530	0.0078643	-8.8575	0.019844
531	-0.021433	-8.8868	0.019974
532	0.0078643	-8.8722	0.019756
533	-0.0067841	-8.8575	0.019836
534	-0.021433	-8.8722	0.019955
535	-0.0067841	-8.8868	0.019767
536	-2.6409	0.18253	1.8717
537	-6.9801	-46	1.2007
538	-1.9902	-7.6917	1.2862
539	0.00054007	-8.8648	0.019756
540	-0.014108	-8.8795	0.019821
541	0.00054007	-8.8722	0.019725
542	-17.737	-3.152	1.3517
543	-7.093	-34.702	0.74247
544	-0.042451	-8.5002	0.055866
545	0.0078643	-8.8648	0.019787
546	-0.0067841	-8.8795	0.019744
547	0.0078643	-8.8722	0.019756
548	0.00054007	-8.8648	0.019756
549	-0.0067841	-8.8722	0.019748
550	0.00054007	-8.8795	0.019721
551	-22.612	-7.3651	1.5281
552	-3.7381	-10.617	1.3129
553	0.32818	-6.9817	0.80155
554	0.0078643	-8.8722	0.019756
555	-0.0067841	-8.8868	0.019767
556	0.0078643	-8.8795	0.019752
557	0.00054007	-8.8722	0.019725
558	-0.0067841	-8.8795	0.019744
559	0.00054007	-8.8868	0.019744
560	-25.078	-10.462	0.74439
561	0.38036	11.324	1.174
562	-1.2457	-6.0154	1.1509
563	0.0042022	-8.8758	0.019729
564	-0.003122	-8.8831	0.019734
565	0.0042022	-8.8795	0.01973
566	0.00054007	-8.8758	0.01972
567	-20.042	-6.6172	1.1237
568	3.7878	17.828	1.8808
569	-2.6129	-4.6773	0.15554
570	0.0042022	-8.8722	0.019734
571	-0.003122	-8.8795	0.019726
572	0.0042022	-8.8758	0.019729
573	0.00054007	-8.8722	0.019725
574	-0.003122	-8.8758	0.019725
575	0.00054007	-8.8795	0.019721
576	-2.8365	-3.2597	0.36565
577	5.1625	15.545	1.0688
578	-4.1346	-3.9028	0.50129
579	0.0023711	-8.874	0.019724
580	-0.001291	-8.8777	0.01972
581	0.0023711	-8.8758	0.019723
582	0.00054007	-8.874	0.019722
583	-0.001291	-8.8758	0.019721
584	0.00054007	-8.8777	0.01972
585	11.959	4.1347	1.8418
586	4.2067	2.0423	1.0667
587	-6.1395	-4.1428	1.9812
588	0.0023711	-8.8758	0.019723
589	-0.001291	-8.8795	0.019722
590	0.0023711	-8.8777	0.019722
591	0.00054007	-8.8758	0.01972
592	-0.001291	-8.8777	0.01972
593	0.00054007	-8.8795	0.019721
594	19.546	11.572	1.3768
595	1.5269	-16.649	1.0391
596	-7.3718	-5.8911	1.2634
597	0.0014556	-8.8767	0.019721
598	-0.00037546	-8.8786	0.01972
599	0.0014556	-8.8777	0.019721
600	0.00054007	-8.8767	0.01972
601	14.185	17.703	1.176
602	-2.1134	-29.128	1.1225
603	-5.8827	-8.2039	0.20958
604	0.0014556	-8.8758	0.019721
605	-0.00037546	-8.8777	0.01972
606	0.0014556	-8.8767	0.019721
607	0.00054007	-8.8758	0.01972
608	-0.00037546	-8.8767	0.01972
609	1.1294	9.4664	0.63106
610	-4.8478	-31.31	1.3845
611	-3.6253	-9.1158	1.8976
612	0.00054007	-8.8758	0.01972
613	-0.001291	-8.8777	0.01972
614	0.00054007	-8.8767	0.01972
615	-0.00037546	-8.8758	0.01972
616	-0.001291	-8.8767	0.01972
617	-0.00037546	-8.8777	0.01972
618	-15.429	-4.7273	0.1231
619	-5.2167	-12.22	1.3863
620	-1.513	-8.7618	0.96221
621	8.2307e-05	-8.8763	0.01972
622	-0.00083322	-8.8772	0.01972
623	8.2307e-05	-8.8767	0.019719
624	-23	-16.551	1.5471
625	-2.8472	5.4144	0.26945
626	-0.55286	-6.9167	0.86096
627	0.00054007	-8.8763	0.01972
628	-0.00037546	-8.8772	0.01972
629	0.00054007	-8.8767	0.01972
630	8.2307e-05	-8.8763	0.01972
631	-0.00037546	-8.8767	0.01972
632	8.2307e-05	-8.8772	0.01972
633	-22.782	-12.767	0.52229
634	1.062	13.974	1.4864
635	-1.8127	-3.2616	0.84276
636	0.00031119	-8.8765	0.01972
637	-0.00014657	-8.877	0.01972
638	0.00031119	-8.8767	0.01972
639	8.2307e-05	-8.8765	0.01972
640	-0.00014657	-8.8767	0.01972
641	8.2307e-05	-8.877	0.019719
642	-13.121	3.7025	1.7827
643	3.5869	6.9601	1.2027
644	-3.9153	-0.56763	1.6624
645	0.00031119	-8.8767	0.01972
646	-0.00014657	-8.8772	0.01972
647	0.00031119	-8.877	0.01972
648	8.2307e-05	-8.8767	0.019719
649	-0.00014657	-8.877	0.01972
650	8.2307e-05	-8.8772	0.01972
651	-1.1819	17.793	0.70035
652	5.1343	-9.3566	0.64143
653	-5.7889	0.19811	0.13668
654	0.00019675	-8.8768	0.01972
655	-3.2134e-05	-8.8771	0.019719
656	0.00019675	-8.877	0.01972
657	8.2307e-05	-8.8768	0.019719
658	7.8331	26.715	1.1728
659	3.3935	-23.476	0.5329
660	-6.5896	-2.5231	1.2143
661	0.00019675	-8.8767	0.01972
662	-3.2134e-05	-8.877	0.019719
663	11.806	31.128	2.0015
664	0.93555	-28.455	1.0276
665	-4.4309	-6.4618	0.97571
666	8.2307e-05	-8.8768	0.019719
667	-0.00014657	-8.8771	0.01972
668	8.2307e-05	-8.877	0.019719
669	-3.2134e-05	-8.8768	0.019719
670	4.6772	17.677	1.1187
671	-1.6666	-25.746	1.2429
672	-1.0693	-10.503	0.82878
673	8.2307e-05	-8.8767	0.019719
674	-0.00014657	-8.877	0.01972
675	8.2307e-05	-8.8768	0.019719
676	-3.2134e-05	-8.8767	0.019719
677	-0.00014657	-8.8768	0.01972
678	-3.2134e-05	-8.877	0.019719
679	-7.3822	1.3881	0.76153
680	-3.0845	-10.015	1.724
681	0.55715	-9.7113	0.31543
682	2.5087e-05	-8.8768	0.019719
683	-8.9354e-05	-8.8769	0.019719
684	2.5087e-05	-8.8768	0.019719
685	-16.136	-8.9187	1.9944
686	-2.3016	4.6064	0.3436
687	0.44645	-8.0521	0.26651
688	8.2307e-05	-8.8768	0.019719
689	-3.2134e-05	-8.8769	0.019719
690	-16.265	-12.226	0.49996
691	-0.8895	7.3917	0.70404
692	0.09778	-5.4949	1.7399
693	2.5087e-05	-8.8768	0.019719
694	-8.9354e-05	-8.877	0.019719
695	2.5087e-05	-8.8769	0.019719
696	-11.635	-5.5482	1.4653
697	0.59841	2.301	1.0479
698	-0.86357	-2.1832	0.9838
699	8.2307e-05	-8.8768	0.019719
700	-3.2134e-05	-8.877	0.019719
701	8.2307e-05	-8.8769	0.019719
702	2.5087e-05	-8.8768	0.019719
703	-3.2134e-05	-8.8769	0.019719
704	2.5087e-05	-8.877	0.019719
705	-4.1951	1.7348	1.172
706	1.7403	-8.321	1.1735
707	-3.7115	-0.59162	1.7729
708	5.3697e-05	-8.8769	0.019719
709	-3.5235e-06	-8.8769	0.019719
710	5.3697e-05	-8.8769	0.019719
711	2.5087e-05	-8.8769	0.019719
712	0.46906	8.7677	0.13039
713	1.3914	-17.971	0.90453
714	-6.545	0.87544	0.22421
715	5.3697e-05	-8.8768	0.019719
716	-3.5235e-06	-8.8769	0.019719
717	4.1006	12.936	0.49367
718	0.44172	-17.992	0.18794
719	-8.7154	0.37896	1.7507
720	2.5087e-05	-8.8769	0.019719
721	-3.2134e-05	-8.8769	0.019719
722	2.5087e-05	-8.8769	0.019719
723	-3.5235e-06	-8.8769	0.019719
724	3.4367	7.2837	1.422
725	-0.58476	-13.476	1.8748
726	-8.2168	-3.3711	0.76192
727	2.5087e-05	-8.8768	0.019719
728	-3.2134e-05	-8.8769	0.019719
729	2.5087e-05	-8.8769	0.019719
730	-3.5235e-06	-8.8768	0.019719
731	-3.2134e-05	-8.8769	0.019719
732	-3.5235e-06	-8.8769	0.019719
733	-2.8642	-1.8241	1.2696
734	-0.93655	-8.2722	0.47965
735	-3.2574	-7.1842	1.3725
736	1.0782e-05	-8.8769	0.019719
737	-1.7829e-05	-8.8769	0.019719
738	1.0782e-05	-8.8769	0.019719
739	-3.5235e-06	-8.8769	0.019719
740	-1.7829e-05	-8.8769	0.019719
741	-3.5235e-06	-8.8769	0.019719
742	-10.422	-6.1628	0.84827
743	-0.90991	-3.9909	1.5869
744	0.71205	-7.9951	0.40431
745	1.0782e-05	-8.8769	0.019719
746	-1.7829e-05	-8.8769	0.019719
747	1.0782e-05	-8.8769	0.019719
748	-3.5235e-06	-8.8769	0.019719
749	-1.7829e-05	-8.8769	0.019719
750	-3.5235e-06	-8.8769	0.019719
751	-12.178	-7.7004	0.43275
752	-0.40213	-4.0222	1.8839
753	1.1886	-8.7337	0.64865
754	-12.794	-0.19579	0.076058
755	0.26451	-4.6333	1.9619
756	1.2028	-6.0544	1.1599
757	-11.543	9.1297	0.5414
758	0.76469	-5.8902	1.3844
759	-1.4133	-1.5467	0.92905
760	-4.7671	18.13	1.0349
761	0.79192	-9.2302	0.3397
762	-5.2841	1.2666	0.66919
763	-0.53823	21.884	1.9551
764	0.2675	-12.044	1.6295
765	-7.028	0.16217	0.282
766	2.563	20.468	0.83041
767	-0.40676	-13.225	1.9597
768	-5.2006	-2.3072	1.0365
769	2.9291	6.2737	0.74538
770	-0.70541	-10.85	0.89175
771	-2.4898	-6.5901	0.97069
772	-1.7496	-9.7475	1.1704
773	-0.55316	-7.5107	0.53482
774	-1.6044	-9.3886	1.0542
775	-6.4721	-16.251	0.60934
776	-0.17464	-5.3025	1.8154
777	-1.4097	-8.0775	0.8819
778	-10.706	-15.402	1.0581
779	0.2731	-4.2619	1.9596
780	-2.4893	-4.6391	0.21988
781	-13.765	-8.1374	0.75004
782	0.50491	-4.6756	1.8689
783	-3.9328	-0.070392	1.706
784	-9.8148	3.6402	0.24751
785	0.3061	-5.4957	1.7088
786	-4.644	-0.19989	1.073
787	-6.0599	13.779	1.9827
788	-0.067187	-7.2254	0.6275
789	-5.3629	-2.5773	1.1596
790	-0.91462	16.74	0.61534
791	-0.38049	-9.5062	0.18206
792	-3.8763	-3.9715	0.30653
793	3.2628	8.0739	1.8525
794	-0.58159	-11.213	1.0942
795	-2.508	-5.3051	0.3479
796	-0.092139	1.6283	0.59515
797	-0.519	-12.319	1.6941
798	-1.7378	-5.9163	0.92562
799	-6.0145	-3.8231	1.8857
800	-0.22142	-12.213	1.7245
801	-2.9413	-5.5481	0.31418
802	-12.319	-3.0962	1.6025
803	0.20426	-11.68	1.4199
804	-4.9491	-5.5894	1.1755
805	-12.516	0.7816	0.18928
806	0.48275	-9.1149	0.1467
807	-6.2014	-5.213	1.8689
808	-5.4445	3.837	1.6191
809	0.5824	-6.7494	0.96129
810	-5.4918	-5.7022	1.4578
811	0.26863	5.1774	1.8437
812	0.15597	-5.3596	1.7947
813	-4.3579	-5.5703	0.76996
814	3.4274	2.5193	0.80393
815	-0.33093	-4.5391	1.9487
816	-2.6514	-4.9285	0.1771
817	5.1968	0.32894	0.55364
818	-0.46945	-7.0637	0.76403
819	-1.094	-5.2414	1.3949
820	4.0512	-3.9259	0.43448
821	-0.32033	-9.9584	0.33584
822	-1.8423	-6.8416	1.0461
823	-1.578	-6.3052	1.0088
824	-0.15547	-12.011	1.6252
825	-2.2631	-5.7265	0.61655
826	-6.1364	-2.8708	1.4499
827	0.086375	-12.268	1.7664
828	-2.6362	-4.0931	0.15754
829	-9.1795	-1.0586	1.7321
830	0.23849	-12.224	1.7272
831	-2.6647	-2.8171	0.64051
832	-8.9519	6.1624	0.72013
833	0.23852	-11.379	1.2178
834	-2.1238	-1.0114	1.3979
835	-7.7612	5.3935	1.0948
836	0.12377	-9.3337	0.078803
837	-2.1077	0.4943	1.4817
838	-5.6377	5.8251	1.4631
839	-0.094866	-7.2793	0.59389
840	-1.6521	1.4274	1.0444
841	-2.4268	0.017772	1.7566
842	-0.24662	-5.8492	1.5371
843	-2.2117	0.5881	1.5483
844	-1.617	0.62484	1.0425
845	-0.29182	-6.6164	1.0434
846	-3.3387	-0.42546	1.9394
847	-2.6088	4.2884	0.15005
848	-0.24934	-7.5761	0.43195
849	-3.6406	-1.4024	1.4844
850	-4.0047	8.6094	1.6602
851	-0.091574	-9.0345	0.030098
852	-4.2401	-3.3672	0.6778
853	-6.6413	9.5957	0.21305
854	0.11905	-10.207	0.43562
855	-4.634	-5.5096	0.95586
856	-6.5328	11.068	1.0147
857	0.21695	-10.575	0.66918
858	-4.2013	-7.2891	1.2268
859	-7.5565	8.2822	0.76459
860	0.15386	-10.531	0.6361
861	-3.784	-7.9307	1.6442
862	-5.7429	0.7323	0.26326
863	0.078152	-9.5756	0.14225
864	-3.7785	-8.0072	1.6733
865	-3.8739	-9.7898	1.6245
866	-0.028815	-8.3647	0.084981
867	-4.2537	-5.0608	0.60978
868	-4.217	-11.34	0.95856
869	-0.10685	-7.4741	0.47522
870	-4.9325	-2.2445	1.0109
871	-3.3828	-11.446	0.8049
872	-0.10833	-7.4509	0.48901
873	-3.235	-1.5789	1.4402
874	-2.2916	-10.319	1.3769
875	-0.044113	-7.9797	0.21499
876	-1.4977	-2.864	1.0347
877	-4.0066	-3.7822	0.42845
878	0.017325	-8.6674	0.030828
879	-2.0482	-4.5833	0.54909
880	-5.4852	3.6612	1.605
881	0.064132	-9.3443	0.075885
882	-3.297	-7.1998	1.3809
883	-4.758	9.9934	0.99834
884	0.090292	-9.8315	0.24274
885	-3.5659	-9.1806	1.9158
886	-3.3774	14.294	0.2993
887	0.072237	-9.7586	0.21041
888	-3.6369	-10.686	1.2901
889	-0.95179	12.981	1.6051
890	0.017205	-9.0031	0.023851
891	-3.1609	-9.532	1.9224
892	0.75908	10.774	0.8598
893	-0.037837	-8.2786	0.10854
894	-1.5842	-7.6368	1.0237
895	0.32381	4.7639	1.9294
896	-0.065542	-7.906	0.24784
897	-1.0025	-3.0604	1.3035
898	-1.2997	1.9218	0.94504
899	-0.052644	-8.2743	0.11039
900	-2.3779	0.48125	1.6823
901	-2.8682	-0.55799	1.891
902	-0.010697	-8.8664	0.019805
903	-3.7559	-1.1665	1.5585
904	-4.4456	-2.0423	1.0393
905	0.032065	-9.3828	0.083618
906	-5.9191	-2.8027	1.3841
907	-4.7851	0.35497	0.93536
908	0.052687	-9.6206	0.15634
909	-7.4797	-4.252	1.3808
910	-5.0609	1.9315	0.9378
911	0.034375	-9.4521	0.102
912	-5.647	-6.2281	1.2619
913	-6.395	4.9576	1.945
914	0.00086562	-9.038	0.026211
915	-1.5474	-6.5758	1.0129
916	-8.4345	6.3483	0.90632
917	-0.028371	-8.5991	0.039357
918	1.0763	-6.8807	0.93979
919	-9.7934	4.6094	0.10291
920	-0.044767	-8.3721	0.083707
921	2.4162	-4.4748	0.2584
922	-8.921	-2.1248	1.0808
923	-0.028528	-8.4652	0.062199
924	1.5734	-3.7336	1.0018
925	-7.1171	-8.4551	0.3895
926	0.0028753	-8.6248	0.035581
927	0.065083	-3.8192	1.9061
928	-2.425	-9.612	1.6813
929	0.028515	-8.8902	0.020171
930	-1.6794	-2.7785	0.96103
931	0.10335	-5.1237	1.8882
932	0.031051	-9.1111	0.033896
933	-3.7907	-3.2387	0.48136
934	1.22	3.6316	1.2923
935	0.015138	-9.124	0.035085
936	-5.4346	-4.7323	1.6602
937	-3.0665	9.6627	1.8762
938	-0.0042391	-9.0125	0.024326
939	-6.9223	-6.7637	0.96708
940	-7.9255	13.985	1.0007
941	-0.01888	-8.8775	0.019898
942	-6.5602	-7.6362	0.41514
943	-8.8271	14.393	0.46777
944	-0.02829	-8.7612	0.023463
945	-4.0818	-6.0067	0.74879
946	-7.476	9.8657	0.75436
947	-0.014876	-8.7326	0.025033
948	-0.78782	-3.1152	1.4193
949	-5.0459	2.3708	1.0423
950	0.010599	-8.8206	0.020568
951	-0.047836	0.12949	0.0053328
952	-3.7856	0.69366	1.7091
953	0.021316	-8.8146	0.020916
954	0.58818	2.9183	1.3958
955	-0.047822	0.1295	0.0053331
956	-0.04785	0.12947	0.0053326
957	-3.8915	4.9073	0.31715
958	-0.012588	-6.0935	1.402
959	0.79533	3.8634	1.646
960	-0.047836	0.12949	0.0053328
961	-0.047865	0.12946	0.0053324
962	-3.5584	9.159	1.9215
963	-0.05059	-3.5969	1.8285
964	0.87192	3.248	1.4299
965	-0.047836	0.12949	0.0053328
966	-0.047893	0.12943	0.0053319
967	-3.354	10.478	1.4508
968	-0.075863	-1.9077	0.78149
969	0.63531	-0.092966	0.19695
970	-0.047836	0.12949	0.0053328
971	-0.047951	0.12937	0.0053309
972	-4.4385	9.1341	1.2921
973	-0.08319	-1.1827	0.33244
974	-0.0076336	-2.9194	1.4759
975	-0.047836	0.12949	0.0053328
976	-0.048065	0.12926	0.005329
977	-5.0166	5.2772	1.2622
978	-0.040853	-2.3628	1.1011
979	-0.57265	-3.4745	1.6541
980	-0.047836	0.12949	0.0053328
981	-0.048294	0.12903	0.0053252
982	-4.4567	2.4873	0.95925
983	0.00090638	-3.4457	1.7645
984	-1.0021	-2.4909	1.1038
985	-0.047836	0.12949	0.0053328
986	-0.048752	0.12857	0.0053179
987	-4.607	1.0414	1.0835
988	0.026323	-5.6905	1.6434
989	-0.4956	-0.47618	0.16983
990	-0.047836	0.12949	0.0053328
991	-0.049667	0.12766	0.0053042
992	-5.9016	5.1535	1.8287
993	0.017421	-7.2341	0.62108
994	0.17537	1.5579	0.55535
995	-0.047836	0.12949	0.0053328
996	-0.051498	0.12583	0.0052806
997	-5.4815	10.384	0.69432
998	-0.013309	-8.0086	0.20236
999	0.68789	2.4992	1.1524
1000	-0.047836	0.12949	0.0053328
1001	-0.05516	0.12217	0.0052485
1002	-5.7774	13.38	1.9273
1003	-0.05518	-5.6754	1.6507
1004	0.93807	1.8827	0.86082
1005	-0.047836	0.12949	0.0053328
1006	-0.062485	0.11484	0.0052447
1007	-5.6467	10.138	0.52463
1008	-0.068484	-3.3796	1.7316
1009	0.69602	0.082459	0.23402
1010	-0.047836	0.12949	0.0053328
1011	-0.077133	0.10019	0.0054784
1012	-0.047836	0.11484	0.0044393
1013	-4.6181	5.4407	0.94105
1014	-0.061772	-2.9063	1.4668
1015	0.35409	-1.4541	0.51626
1016	-0.033188	0.12949	0.0047418
1017	-0.062485	0.10019	0.0044587
1018	-0.033188	0.11484	0.0038477
1019	-4.3907	2.6142	0.91983
1020	-0.025543	-2.1688	0.96395
1021	-0.21694	-2.6658	1.3036
1022	-0.0038908	0.14414	0.0052022
1023	-0.062485	0.085544	0.0037796
1024	-4.9562	4.7754	1.2466
1025	0.00079536	-0.70869	0.12308
1026	-0.65195	-2.4101	1.1073
1027	-0.033188	0.11484	0.0038477
1028	-0.091781	0.056247	0.0049994
1029	-0.033188	0.085544	0.0023806
1030	-6.3996	8.3254	0.11129
1031	0.011608	-1.5705	0.55644
1032	-0.49249	-1.8129	0.74984
1033	-0.0038908	0.11484	0.0033061
1034	-0.062485	0.056247	0.0027426
1035	-0.0038908	0.085544	0.0018383
1036	-7.0799	9.7638	0.46774
1037	0.012382	-4.1381	1.9811
1038	0.0090958	-0.456	0.051627
1039	0.054703	0.14414	0.0066834
1040	-0.062485	0.02695	0.0021339
1041	0.054703	0.085544	0.0033246
1042	-0.0038908	0.14414	0.0052022
1043	-0.062485	0.085544	0.0037796
1044	-0.0038908	0.02695	0.00018933
1045	-5.6572	11.934	1.4908
1046	0.009978	-6.5959	1.0592
1047	0.42755	1.0294	0.32095
1048	0.054703	0.085544	0.0033246
1049	-0.062485	-0.031644	0.0022026
1050	0.054703	0.02695	0.0016781
1051	-0.0038908	0.085544	0.0018383
1052	-0.062485	0.02695	0.0021339
1053	-0.0038908	-0.031644	0.00025814
1054	-5.0517	9.7103	0.75207
1055	0.0014799	-8.5306	0.049573
1056	0.73436	2.1714	0.97506
1057	0.025406	0.056247	0.0011142
1058	-0.033188	-0.0023466	0.00055231
1059	0.025406	0.02695	0.00050457
1060	-0.0038908	0.056247	0.00079919
1061	-0.033188	0.02695	0.00073259
1062	-0.0038908	-0.0023466	8.951e-06
1063	-4.0547	5.8237	0.67027
1064	-0.0065453	-8.4628	0.062318
1065	0.47317	2.6006	1.2376
1066	0.025406	0.02695	0.00050457
1067	-0.033188	-0.031644	0.00080137
1068	0.025406	-0.0023466	0.00032426
1069	-0.0038908	0.02695	0.00018933
1070	-0.033188	-0.0023466	0.00055231
1071	-0.0038908	-0.031644	0.00025814
1072	-4.1011	4.6755	0.44353
1073	-0.010309	-8.1915	0.13492
1074	0.015689	2.2289	1.0065
1075	0.010758	0.012302	9.5761e-05
1076	-0.018539	-0.016995	0.0002442
1077	0.010758	-0.0023466	5.927e-05
1078	-0.0038908	0.012302	4.5444e-05
1079	-0.018539	-0.0023466	0.00017331
1080	-0.0038908	-0.016995	7.9852e-05
1081	-3.505	3.2822	0.36856
1082	-0.0080913	-5.6233	1.6793
1083	-0.39029	1.6098	0.61307
1084	0.0034334	0.0049776	1.2097e-05
1085	-0.011215	-0.0096709	8.6322e-05
1086	0.0034334	-0.0023466	7.2752e-06
1087	-2.6384	4.5126	0.13184
1088	-0.0013171	-3.682	1.8621
1089	-0.62703	0.2798	0.20614
1090	0.010758	0.0049776	6.4092e-05
1091	-0.0038908	-0.0096709	3.0977e-05
1092	0.010758	-0.0023466	5.927e-05
1093	0.0034334	0.0049776	1.2097e-05
1094	-0.0038908	-0.0023466	8.951e-06
1095	0.0034334	-0.0096709	2.9302e-05
1096	-1.7285	7.4042	1.0929
1097	0.0058205	-2.198	0.98463
1098	-0.38365	-0.94148	0.27096
1099	0.0070955	0.0013155	2.5619e-05
1100	-0.00022868	-0.0060088	9.0615e-06
1101	0.0070955	-0.0023466	2.6564e-05
1102	0.0034334	0.0013155	6.3302e-06
1103	-1.1399	9.4961	0.64351
1104	0.0090922	-1.5816	0.56348
1105	-0.16238	-1.3578	0.43457
1106	0.0070955	0.0049776	3.1386e-05
1107	-0.00022868	-0.0023466	1.4042e-06
1108	-0.2814	9.1436	0.076171
1109	0.0073863	-3.5992	1.8305
1110	0.09687	-0.72234	0.13186
1111	0.0034334	0.0013155	6.3302e-06
1112	-0.0038908	-0.0060088	1.6608e-05
1113	0.0034334	-0.0023466	7.2752e-06
1114	-0.00022868	0.0013155	4.592e-07
1115	-0.87471	5.4163	1.5028
1116	0.0026992	-6.6298	1.0354
1117	0.2703	0.3629	0.067915
1118	0.0034334	0.0049776	1.2097e-05
1119	-0.0038908	-0.0023466	8.951e-06
1120	0.0034334	0.0013155	6.3302e-06
1121	-0.00022868	0.0049776	6.2264e-06
1122	-0.0038908	0.0013155	8.0059e-06
1123	-0.00022868	-0.0023466	1.4042e-06
1124	-1.9425	0.60058	1.3319
1125	-0.0020904	-8.3874	0.079037
1126	0.30137	1.1478	0.34304
1127	0.0016024	0.0031465	3.7621e-06
1128	-0.0020597	-0.00051559	2.1888e-06
1129	0.0016024	0.0013155	1.7175e-06
1130	-0.00022868	0.0031465	2.5038e-06
1131	-0.0020597	0.0013155	2.5554e-06
1132	-0.00022868	-0.00051559	9.2686e-08
1133	-4.4869	-1.0364	1.1715
1134	-0.0044818	-6.129	1.3789
1135	0.094097	1.2097	0.34732
1136	0.0016024	0.0013155	1.7175e-06
1137	-0.0020597	-0.0023466	3.5004e-06
1138	0.0016024	-0.00051559	1.351e-06
1139	-0.00022868	0.0013155	4.592e-07
1140	-0.0020597	-0.00051559	2.1888e-06
1141	-0.00022868	-0.0023466	1.4042e-06
1142	-7.1417	1.1821	0.57486
1143	-0.0040268	-4.2118	1.9911
1144	-0.14481	1.1544	0.32255
1145	0.00068685	0.00039993	2.7602e-07
1146	-0.0011442	-0.0014311	1.1675e-06
1147	0.00068685	-0.00051559	3.0252e-07
1148	-0.00022868	0.00039993	6.6187e-08
1149	-8.2148	4.4565	0.66882
1150	-0.0013359	-3.4926	1.7856
1151	-0.24272	0.48749	0.086488
1152	0.00068685	0.0013155	6.6904e-07
1153	-0.0011442	-0.00051559	7.2146e-07
1154	0.00068685	0.00039993	2.7602e-07
1155	-0.00022868	0.0013155	4.592e-07
1156	-0.0011442	0.00039993	6.9496e-07
1157	-0.00022868	-0.00051559	9.2686e-08
1158	-5.8422	7.3856	0.58069
1159	0.001833	-3.6881	1.8643
1160	-0.1913	-0.47543	0.073264
1161	0.00022908	0.0008577	2.1035e-07
1162	-0.00068644	-5.783e-05	2.3656e-07
1163	0.00022908	0.00039993	6.6279e-08
1164	-0.00022868	0.0008577	2.1026e-07
1165	-0.00068644	0.00039993	2.7575e-07
1166	-0.00022868	-5.783e-05	2.6997e-08
1167	-4.3938	9.2537	1.3289
1168	0.0041759	-3.3294	1.7085
1169	-0.078482	-0.85983	0.18191
1170	0.00022908	0.00039993	6.6279e-08
1171	-0.00068644	-0.00051559	3.0225e-07
1172	0.00022908	-5.783e-05	2.709e-08
1173	-0.00022868	0.00039993	6.6187e-08
1174	-0.00068644	-5.783e-05	2.3656e-07
1175	-0.00022868	-0.00051559	9.2686e-08
1176	-3.0213	11.905	0.50714
1177	0.0040151	-3.5902	1.8269
1178	0.041838	-0.84738	0.17511
1179	2.0156e-07	0.00017105	7.322e-09
1180	-3.2118	9.2117	1.995
1181	0.0022026	-2.9496	1.4946
1182	0.12917	-0.44479	0.057029
1183	0.00022908	0.00039993	6.6279e-08
1184	-0.00022868	-5.783e-05	2.6997e-08
1185	0.00022908	0.00017105	3.3575e-08
1186	2.0156e-07	0.00039993	4.0027e-08
1187	-0.00022868	0.00017105	3.3482e-08
1188	2.0156e-07	-5.783e-05	8.3694e-10
1189	-3.9505	3.2133	0.56108
1190	-0.001013	-4.4602	2.0049
1191	0.11505	0.10967	0.009603
1192	0.00022908	0.00017105	3.3575e-08
1193	-0.00022868	-0.00028671	4.6732e-08
1194	0.00022908	-5.783e-05	2.709e-08
1195	2.0156e-07	0.00017105	7.322e-09
1196	-0.00022868	-5.783e-05	2.6997e-08
1197	2.0156e-07	-0.00028671	2.0572e-08
1198	-5.3702	-2.014	0.91886
1199	-0.0031176	-6.4045	1.1929
1200	0.043866	0.51719	0.067096
1201	0.00011464	5.6611e-05	7.3767e-09
1202	-0.00011424	-0.00017227	1.3955e-08
1203	0.00011464	-5.783e-05	7.4117e-09
1204	2.0156e-07	5.6611e-05	8.0201e-10
1205	-6.7093	-0.63402	0.19075
1206	-0.0029553	-5.7897	1.5882
1207	-0.026589	0.40862	0.041833
1208	0.00011464	0.00017105	1.3897e-08
1209	-0.00011424	-5.783e-05	7.3655e-09
1210	0.00011464	5.6611e-05	7.3767e-09
1211	2.0156e-07	0.00017105	7.322e-09
1212	-0.00011424	5.6611e-05	7.3306e-09
1213	2.0156e-07	-5.783e-05	8.3694e-10
1214	-6.2264	3.7157	1.8824
1215	-0.0016188	-4.3884	2.0041
1216	-0.069459	0.19262	0.01166
1217	5.7422e-05	0.00011383	4.8921e-09
1218	-5.7019e-05	-6.0985e-07	1.6265e-09
1219	5.7422e-05	5.6611e-05	2.4515e-09
1220	2.0156e-07	0.00011383	3.2426e-09
1221	-5.7019e-05	5.6611e-05	2.4284e-09
1222	2.0156e-07	-6.0985e-07	1.1324e-13
1223	-2.8785	8.7252	1.9805
1224	0.00086725	-1.4332	0.47153
1225	-0.065032	-0.094157	0.004328
1226	5.7422e-05	5.6611e-05	2.4515e-09
1227	-5.7019e-05	-5.783e-05	2.4633e-09
1228	5.7422e-05	-6.0985e-07	1.6496e-09
1229	2.0156e-07	5.6611e-05	8.0201e-10
1230	-5.7019e-05	-6.0985e-07	1.6265e-09
1231	2.0156e-07	-5.783e-05	8.3694e-10
1232	-1.6247	9.3365	1.0736
1233	0.0024614	-0.22245	0.012361
1234	-0.036791	-0.27097	0.018983
1235	2.8812e-05	2.8e-05	6.1147e-10
1236	-2.8409e-05	-2.922e-05	6.1739e-10
1237	2.8812e-05	-6.0985e-07	4.1536e-10
1238	2.0156e-07	2.8e-05	1.9622e-10
1239	-2.8409e-05	-6.0985e-07	4.0382e-10
1240	2.0156e-07	-2.922e-05	2.1369e-10
1241	-3.1803	8.8145	2.0199
1242	0.0032809	0.88681	0.19045
1243	0.01564	-0.22504	0.012768
1244	1.4507e-05	1.3695e-05	1.5221e-10
1245	-1.4104e-05	-1.4915e-05	1.5517e-10
1246	1.4507e-05	-6.0985e-07	1.0537e-10
1247	2.0156e-07	1.3695e-05	4.6957e-11
1248	-1.4104e-05	-6.0985e-07	9.9598e-11
1249	2.0156e-07	-1.4915e-05	5.569e-11
1250	-3.6325	8.7275	1.8987
1251	0.0032346	1.2387	0.36006
1252	0.051677	-0.057408	0.0021591
1253	-4.4197	6.5691	0.99626
1254	0.0016973	1.2689	0.37664
1255	0.048771	0.11857	0.0047016
1256	-4.0242	5.5619	0.56532
1257	-0.0002492	0.22636	0.012795
1258	0.012892	0.20898	0.010991
1259	-4.65	3.3443	0.96372
1260	-0.0012026	-0.84498	0.17343
1261	-0.026879	0.24753	0.01565
1262	-3.9543	1.0495	1.5109
1263	-0.00082948	-1.4595	0.48743
1264	-0.045139	0.17362	0.0085459
1265	-2.4441	1.1495	1.5287
1266	0.0010305	-1.6111	0.58234
1267	-0.055047	-0.0010923	0.0015158
1268	-3.6732	4.0122	0.18509
1269	0.0025566	-1.1491	0.31269
1270	-0.041737	-0.14877	0.0064002
1271	-5.272	6.9639	0.90747
1272	0.003482	-0.36961	0.033998
1273	-0.0099153	-0.16523	0.0068728
1274	-7.6224	10.634	0.9674
1275	0.0037692	0.41811	0.043438
1276	0.023857	-0.1415	0.00529
1277	-7.8024	14.008	1.11
1278	0.0035402	0.81609	0.1621
1279	0.038601	-0.085782	0.0025848
1280	-8.1452	11.589	0.95424
1281	0.0020735	0.52119	0.067215
1282	0.03239	0.011548	0.00055813
1283	-5.2991	4.1603	1.554
1284	0.00048977	0.25037	0.015646
1285	0.014096	0.090906	0.0021665
1286	-2.5494	-1.1665	1.5651
1287	-2.6938e-05	-0.24683	0.015208
1288	-0.0082766	0.10142	0.0026072
1289	0.08563	-3.4513	1.7643
1290	-0.00031539	-0.65783	0.10636
1291	-0.021263	0.05362	0.0009454
1292	0.60522	2.1529	0.96141
1293	-0.00040335	-0.75023	0.13758
1294	-0.021695	-0.017428	0.00031144
1295	-2.5334	11.017	1.0844
1296	-0.00028661	-0.62407	0.095892
1297	-0.0071784	-0.072154	0.0013283
1298	-5.4798	14.466	1.5414
1299	0.00031726	-0.3256	0.026414
1300	0.010022	-0.084031	0.0018167
1301	-7.0991	17.111	0.47404
1302	0.0012309	0.11705	0.0034274
1303	0.018804	-0.076742	0.0016501
1304	-8.9556	14.2	0.3425
1305	0.0017664	0.47557	0.056069
1306	0.019483	-0.033161	0.00046501
1307	-8.8055	11.013	1.104
1308	0.0014862	0.54748	0.074078
1309	0.0052899	0.0099418	3.8733e-05
1310	-5.327	5.5495	1.4238
1311	0.0010538	0.37431	0.034859
1312	-0.0078574	0.040949	0.00045048
1313	-2.948	2.6722	0.69646
1314	0.00067637	0.014078	4.9827e-05
1315	-0.012624	0.057295	0.00090105
1316	-1.8621	2.8634	0.87699
1317	0.00013016	-0.29151	0.021191
1318	-0.015377	0.03204	0.00037515
1319	-1.0824	6.45	1.0815
1320	-0.00012951	-0.46863	0.054458
1321	-0.0096407	-0.0065374	5.7189e-05
1322	-0.22113	8.366	0.10702
1323	-0.00012798	-0.36253	0.032711
1324	0.0022086	-0.036539	0.00033654
1325	-3	9.9085	1.769
1326	0.00015223	-0.12465	0.0038858
1327	0.011386	-0.030205	0.00029313
1328	-6.3896	10.679	0.74251
1329	0.00046043	0.13722	0.0047082
1330	0.013175	-0.0081941	0.00010363
1331	-10.391	9.3818	1.583
1332	0.00069227	0.28823	0.020719
1333	0.002656	0.014042	5.2874e-05
1334	-9.8317	6.1204	0.68899
1335	0.00075532	0.37666	0.035296
1336	-0.0073118	0.022853	0.00015744
1337	-8.7229	3.6911	0.36419
1338	0.00076409	0.22636	0.012796
1339	-0.012843	0.018527	0.00016841
1340	-7.3098	3.8697	1.4929
1341	0.00038998	-0.096289	0.0023194
1342	-0.010745	0.0068884	6.9634e-05
1343	-6.9855	7.2766	0.70517
1344	3.8433e-05	-0.33262	0.027559
1345	-0.0021642	-0.0080797	1.868e-05
1346	-5.3532	7.4231	0.71537
1347	-0.00027073	-0.22406	0.012537
1348	0.0067292	-0.01525	8.0846e-05
1349	-5.348	6.98	0.88791
1350	-0.00036784	0.030829	0.0002379
1351	0.0082351	-0.0092206	5.52e-05
1352	-5.6675	8.5399	0.23419
1353	-9.0823e-05	0.23293	0.013547
1354	0.0071921	-0.00065609	2.5984e-05
1355	-5.2154	9.9309	0.67513
1356	0.00036192	0.31764	0.025144
1357	0.0039683	0.0068355	1.957e-05
1358	-5.4827	11.468	1.2161
1359	0.00078153	0.24101	0.014502
1360	-0.00047423	0.011193	3.1463e-05
1361	-5.0443	12.15	1.2623
1362	0.00095465	0.067184	0.0011298
1363	-0.0040102	0.009196	2.9207e-05
1364	-3.5196	8.7841	1.9494
1365	0.00096615	-0.093859	0.0022042
1366	-0.0048123	0.0010576	1.1865e-05
1367	-2.5329	6.4643	0.89641
1368	0.00082811	-0.20451	0.010449
1369	-0.0032379	-0.0062285	1.4953e-05
1370	-2.5227	5.1266	0.28699
1371	0.00035732	-0.2548	0.016203
1372	-0.00031458	-0.010287	2.6529e-05
1373	-3.1265	7.0571	1.289
1374	-0.00018104	-0.16222	0.0065785
1375	0.0021505	-0.012734	4.2891e-05
1376	-2.8861	7.6388	1.6319
1377	-0.00055891	0.030674	0.00023561
1378	0.002692	-0.011367	3.5962e-05
1379	-4.282	9.7297	1.3733
1380	8.3319e-06	0.17741	0.007866
1381	0.00111	-0.0078571	1.6065e-05
1382	-5.9708	8.5641	0.10015
1383	0.00061468	0.21176	0.011202
1384	-0.00077497	0.0010569	5.7999e-07
1385	-5.4299	8.4031	0.40546
1386	0.00093449	0.14011	0.004909
1387	-0.0021068	0.0080434	1.841e-05
1388	-4.3157	7.0322	1.1164
1389	0.00072964	0.028003	0.0001965
1390	-0.0027079	0.0096458	2.6952e-05
1391	-4.3907	6.2533	0.924
1392	0.00023249	-0.081608	0.0016662
1393	-0.0013716	0.0059112	9.6855e-06
1394	-4.5829	7.1715	1.0634
1395	-0.00026407	-0.12489	0.0039008
1396	0.0006528	2.3461e-05	2.1332e-07
1397	-5.6646	8.8896	0.21308
1398	-0.00021596	-0.11844	0.0035083
1399	0.0022282	-0.0049174	8.5349e-06
1400	-3.9482	7.9771	1.5738
1401	0.00033208	-0.076379	0.0014596
1402	0.0026338	-0.0067003	1.4705e-05
1403	-2.4162	5.1701	0.35666
1404	0.00089392	-0.033434	0.00028013
1405	0.002239	-0.0041237	6.7632e-06
1406	-1.874	2.6217	0.91922
1407	0.0010897	0.017289	7.5393e-05
1408	0.0011623	0.00086649	8.6367e-07
1409	-2.6428	4.105	0.15275
1410	0.00072824	0.051219	0.00065668
1411	-0.00080917	0.0045238	5.4487e-06
1412	-4.3134	9.7418	1.3479
1413	0.00034801	0.056392	0.00079577
1414	-0.0022964	0.0062389	1.2379e-05
1415	-5.8062	12.219	1.6746
1416	0.0001566	0.040041	0.00040121
1417	-0.0022983	0.0063664	1.2785e-05
1418	-6.5376	10.251	0.48638
1419	0.00015243	0.010966	3.0104e-05
1420	-0.0018657	0.0038061	5.3667e-06
1421	-5.7652	6.9215	0.86319
1422	0.00010757	-0.018398	8.4714e-05
1423	-0.00053798	0.00054629	2.1947e-07
1424	-4.2288	3.6733	0.61003
1425	3.0643e-05	-0.03341	0.00027932
1426	0.00082602	-0.0027101	2.1793e-06
1427	-3.4322	5.0448	0.13673
1428	-1.8709e-05	-0.031705	0.00025155
1429	0.0014038	-0.0052143	7.7898e-06
1430	-2.8747	7.4814	1.5428
1431	1.5983e-05	-0.022162	0.00012291
1432	0.0012549	-0.003594	4.0203e-06
1433	-4.0295	8.4876	1.6283
1434	8.8449e-05	-0.0083439	1.7426e-05
1435	0.00019232	-0.0010392	2.8878e-07
1436	-3.6483	10.42	1.4389
1437	0.0001204	0.0040241	4.0597e-06
1438	-0.00080279	0.0013068	7.4972e-07
1439	-4.5506	11.389	1.0057
1440	0.00010114	0.012789	4.0935e-05
1441	-0.0015651	0.0022968	2.5455e-06
1442	-3.9778	9.2578	1.6726
1443	7.3239e-05	0.014942	5.5874e-05
1444	-0.00070115	0.0025668	1.8947e-06
1445	-2.8486	5.2781	0.21378
1446	6.1132e-05	0.0058019	8.4259e-06
1447	0.00041761	0.0014445	6.0938e-07
1448	-3.5426	0.0025695	1.9238
1449	3.3093e-05	-0.0028687	2.0599e-06
1450	0.0010608	-0.00080201	7.2392e-07
1451	-4.4531	-3.7811	0.77968
1452	-2.2279e-06	-0.0088251	1.949e-05
1453	0.0011747	-0.0024464	2.1881e-06
1454	-5.1349	2.6913	1.1422
1455	-1.6129e-05	-0.0096053	2.3089e-05
1456	0.00057249	-0.0032668	2.8346e-06
1457	-6.1597	7.454	0.49761
1458	-2.5111e-05	-0.0055488	7.7052e-06
1459	-0.00023582	-0.00094955	2.5345e-07
1460	-7.7532	10.534	1.0031
1461	-7.1644e-06	-0.0014469	5.2392e-07
1462	-0.00079914	0.0016871	1.0317e-06
1463	-9.0174	10.68	1.3222
1464	9.1034e-06	0.0020118	1.0129e-06
1465	-0.00085408	0.0022676	1.6517e-06
1466	-7.5701	6.9618	0.96796
1467	1.6491e-05	0.0031424	2.4713e-06
1468	-0.00052551	0.0016566	8.2488e-07
1469	-4.8766	4.6778	1.1726
1470	1.4489e-05	0.00092793	2.1558e-07
1471	1.8402e-05	0.00040559	4.1337e-08
1472	-2.695	3.8189	0.18991
1473	1.2647e-05	-0.0011548	3.3381e-07
1474	0.00045899	-0.0009104	3.128e-07
1475	-0.77635	6.6022	1.0424
1476	1.0252e-05	-0.0021681	1.1764e-06
1477	0.00067177	-0.0013289	6.6767e-07
1478	0.44545	6.4112	1.171
1479	8.5488e-06	-0.0019823	9.8343e-07
1480	0.00046704	-0.00089881	3.1129e-07
1481	-1.3339	7.77	0.85019
1482	7.2253e-06	-0.0010286	2.6479e-07
1483	0.00025812	0.00031735	5.8533e-08
1484	-5.8119	7.5616	0.49458
1485	6.2506e-06	0.00048804	5.9624e-08
1486	-8.4054e-05	0.0011774	3.5045e-07
1487	-8.6126	7.648	1.474
1488	5.2319e-06	0.0017315	7.503e-07
1489	-0.00035348	0.0013542	5.2143e-07
1490	-8.5625	8.2269	1.6166
1491	2.7588e-06	0.0017688	7.8297e-07
1492	-0.00051914	0.0011496	4.6554e-07
1493	-7.1335	6.892	0.91887
1494	1.0604e-06	0.00099789	2.492e-07
1495	-0.00043899	0.00047773	1.5352e-07
1496	-6.0047	5.9526	1.4816
1497	4.0124e-07	-0.00010652	2.8395e-09
1498	-7.8252e-05	-0.00038061	3.9316e-08
1499	-2.6323	6.4841	0.90125
1500	-2.0035e-07	-0.0010183	2.5951e-07
1501	0.00025659	-0.00096735	2.6711e-07
1502	-3.048	7.0831	1.3054
1503	-3.0101e-07	-0.0010791	2.9141e-07
1504	0.00042988	-0.0012793	5.0201e-07
1505	-2.5962	10.295	1.4927
1506	3.0324e-08	-0.00067114	1.1272e-07
1507	0.00043269	-0.00092806	3.092e-07
1508	-3.8285	13.754	0.3124
1509	4.709e-07	5.7607e-05	8.3058e-10
1510	0.0002431	0.00013115	3.3868e-08
1511	-5.8699	14.635	1.6141
1512	7.4551e-07	0.00065249	1.0654e-07
1513	-7.5595e-05	0.00097045	2.3854e-07
1514	-6.8817	7.8002	0.43255
1515	8.6488e-07	0.0010471	2.744e-07
1516	-0.00031851	0.0013177	4.8527e-07
1517	-6.7095	0.3663	0.13117
1518	8.4509e-07	0.00078876	1.5569e-07
1519	-0.00031069	0.00082012	2.1661e-07
1520	-6.5294	0.427	0.084745
1521	5.9579e-07	0.00027588	1.9046e-08
1522	-0.00012503	-0.00037164	4.2383e-08
1523	-4.1473	4.3483	0.4747
1524	2.255e-07	-0.00036928	3.4125e-08
1525	0.00011655	-0.0012825	4.1842e-07
1526	-0.97248	7.8545	0.59565
1527	-8.8229e-08	-0.00054119	7.3296e-08
1528	0.00023416	-0.0011263	3.4491e-07
1529	-1.7882	9.3361	1.2275
1530	-8.2743e-08	-0.00040612	4.1274e-08
1531	0.00011772	-0.00060928	9.9831e-08
1532	-3.485	10.014	1.6857
1533	2.476e-07	-0.00013196	4.3575e-09
1534	-4.6839e-05	0.00014196	6.1403e-09
1535	-4.5045	10.359	1.136
1536	6.0867e-07	0.00017202	7.4053e-09
1537	-0.00015808	0.00066374	1.2275e-07
1538	-5.9075	11.139	1.0604
1539	7.1498e-07	0.00040785	4.1627e-08
1540	-0.00022657	0.00089283	2.2516e-07
1541	-4.8781	11.506	1.085
1542	6.7976e-07	0.00046006	5.2968e-08
1543	-0.00010782	0.00077417	1.558e-07
1544	-2.7446	7.3965	1.472
1545	5.6688e-07	0.00040799	4.1655e-08
1546	1.7661e-05	0.00019465	9.6377e-09
1547	-0.31185	3.5138	1.7568
1548	3.3808e-07	0.00031933	2.5519e-08
1549	0.00011738	-0.00033314	3.4667e-08
1550	1.4017	0.28127	0.83556
1551	1.7365e-07	0.00010199	2.6029e-09
1552	9.3806e-05	-0.00063759	1.0613e-07
1553	1.1517	2.8227	1.1702
1554	1.8256e-07	-9.5924e-05	2.3027e-09
1555	9.062e-06	-0.00060663	9.2133e-08
1556	-2.7633	6.939	1.1933
1557	2.8626e-07	-0.00020894	1.0925e-08
1558	-6.6268e-05	-0.00014951	7.7907e-09
1559	-5.2655	8.5951	0.51112
1560	3.5654e-07	-0.00023847	1.4231e-08
1561	-8.3928e-05	0.00034453	3.3228e-08
1562	-7.3731	7.817	0.69225
1563	4.1339e-07	-0.00016331	6.6746e-09
1564	-6.6125e-05	0.0006701	1.1456e-07
1565	-8.9428	5.6266	0.43454
1566	4.1281e-07	-2.1769e-05	1.1867e-10
1567	-3.6109e-05	0.00044993	5.1312e-08
1568	-8.3056	2.3734	0.97186
1569	3.9105e-07	9.8963e-05	2.4509e-09
1570	1.4673e-05	8.2236e-05	1.8001e-09
1571	-5.0655	0.93085	0.73307
1572	3.5493e-07	0.00010017	2.5113e-09
1573	4.5726e-05	-0.000287	2.1659e-08
1574	-2.63	0.68372	1.7739
1575	2.6898e-07	1.4392e-05	5.1873e-11
1576	5.5028e-05	-0.00048366	6.0056e-08
1577	0.13842	4.7954	1.9656
1578	1.6822e-07	-5.9765e-05	8.9386e-10
1579	4.001e-05	-0.000551	7.6778e-08
1580	-0.93454	7.2657	0.76828
1581	1.4689e-07	-7.6485e-05	1.4639e-09
1582	2.0794e-05	-0.00040314	4.0888e-08
1583	-4.3862	9.4866	1.3192
1584	1.6158e-07	-4.0357e-05	4.0759e-10
1585	-3.18e-06	-0.0001265	4.0095e-09
1586	-7.3932	10.389	0.82426
1587	2.2648e-07	1.6362e-05	6.7022e-11
1588	-2.1152e-05	0.00014906	5.7842e-09
1589	-7.6749	7.4928	0.93029
1590	2.7274e-07	5.7909e-05	8.3925e-10
1591	-2.9922e-05	0.00035787	3.2497e-08
1592	-7.5253	5.0859	1.3106
1593	2.9355e-07	6.4759e-05	1.0495e-09
1594	-1.8125e-05	0.00025136	1.5975e-08
1595	-6.3909	4.0008	1.9602
1596	2.8587e-07	5.3867e-05	7.2617e-10
1597	6.8798e-06	-1.6885e-05	9.5023e-11
1598	-4.5428	4.9635	0.85389
1599	2.6965e-07	1.3076e-05	4.2825e-11
1600	2.5884e-05	-0.00023257	1.3871e-08
1601	-3.2102	4.8443	0.050721
1602	2.3522e-07	-2.6097e-05	1.7046e-10
1603	2.9021e-05	-0.00027325	1.9106e-08
1604	-1.8465	4.4001	0.73361
1605	2.0219e-07	-4.0739e-05	4.1535e-10
1606	1.6739e-05	-0.00016068	6.6008e-09
1607	-1.3118	2.7509	1.096
1608	1.8828e-07	-3.3167e-05	2.753e-10
1609	1.7364e-06	1.5388e-05	6.0767e-11
1610	-0.90269	0.90208	0.50272
1611	1.8687e-07	-2.3683e-05	1.4037e-10
1612	-1.1077e-05	0.00015631	6.1757e-09
1613	-1.3881	0.11041	0.81938
1614	2.1515e-07	5.0674e-06	6.4492e-12
1615	-1.643e-05	0.00016677	7.095e-09
1616	-2.1126	1.0926	1.3707
1617	2.3585e-07	2.5988e-05	1.6904e-10
1618	-1.2273e-05	0.00011724	3.5152e-09
1619	-3.0419	2.1692	1.0403
1620	-2.3447e-06	2.3112e-05	1.3642e-10
1621	-2.9704	3.6209	0.1819
1622	7.2168e-06	-6.2162e-05	9.9305e-10
1623	-1.608	4.8212	0.97054
1624	8.6027e-06	-0.00011294	3.2289e-09
1625	-0.47275	3.5211	1.711
1626	6.934e-06	-6.9354e-05	1.2277e-09
1627	-0.36933	1.1037	0.33764
1628	2.4305e-07	-1.7078e-05	7.3015e-11
1629	-1.2174	-0.3432	0.66445
1630	-5.2382e-06	3.6753e-05	3.5175e-10
1631	-1.9082	-0.20464	1.3285
1632	-6.6603e-06	6.1836e-05	9.7907e-10
1633	-1.7907	1.2849	1.1353
1634	-2.8366e-06	5.445e-05	7.4596e-10
1635	-1.6191	4.027	0.95848
1636	1.173e-06	1.5568e-06	1.2947e-12
1637	-1.8419	4.6538	0.74146
1638	4.106e-06	-4.3434e-05	4.8052e-10
1639	-1.9425	4.7181	0.65014
1640	3.8424e-06	-6.1289e-05	9.4743e-10
1641	-1.8377	2.7096	0.91343
1642	1.8494e-06	-5.0985e-05	6.5223e-10
1643	-2.2523	0.70764	1.5541
1644	-1.3767e-06	-1.5267e-05	5.9274e-11
1645	-2.2415	-0.28558	1.6102
1646	-2.598e-06	2.41e-05	1.4872e-10
1647	-2.4626	-0.85269	1.6427
1648	-1.9501e-06	4.5725e-05	5.2512e-10
1649	-2.2336	0.069461	1.6158
1650	-2.5772e-07	2.7843e-05	1.9403e-10
1651	-2.2346	1.1367	1.4291
1652	1.4891e-06	1.905e-06	2.0176e-12
1653	-1.9759	1.9287	1.0829
1654	1.6705e-06	-2.001e-05	1.0159e-10
1655	-1.6489	2.8463	0.96934
1656	1.7914e-06	-2.3089e-05	1.3501e-10
1657	-1.9521	2.6068	0.90248
1658	1.0161e-06	-1.1697e-05	3.4758e-11
1659	-2.5107	1.6194	1.3357
1660	-1.4668e-07	4.1063e-06	4.2305e-12
1661	-2.0745	1.2634	1.304
1662	-9.3715e-07	1.4117e-05	5.0313e-11
1663	-1.1243	1.2335	0.72297
1664	-8.744e-07	1.5596e-05	6.1252e-11
1665	-1.1556	2.4086	1.055
1666	-5.5223e-07	9.7525e-06	2.3954e-11
1667	-1.4066	3.5809	1.1377
1668	3.0588e-07	2.5042e-06	1.616e-12
1669	-1.4364	2.8435	1.0596
1670	9.4872e-07	-5.0644e-06	6.8688e-12
1671	-1.424	1.8243	0.96082
1672	1.0301e-06	-1.0103e-05	2.6076e-11
1673	-1.6213	1.9024	1.0129
1674	6.5883e-07	-1.048e-05	2.7701e-11
1675	-1.7588	1.8025	1.0562
1676	3.0855e-08	-4.62e-06	5.3417e-12
1677	-2.0086	2.1522	1.0229
1678	-3.6611e-07	3.0323e-06	2.3682e-12
1679	-2.1384	2.1355	1.035
1680	-3.7637e-07	6.3282e-06	1.0092e-11
1681	-2.3591	2.5629	0.83346
1682	-3.1658e-07	4.9662e-06	6.222e-12
1683	-2.172	1.9426	1.1129
1684	-5.3206e-08	-5.8391e-07	8.6708e-14
1685	-1.4313	2.0491	0.98466
1686	1.6013e-07	-5.0795e-06	6.4695e-12
1687	1.4252e-05	1.3721e-05	1.4872e-10
1688	-1.4358e-05	-1.4889e-05	1.5861e-10
1689	1.4252e-05	-5.8391e-07	1.0169e-10
1690	-5.3206e-08	1.3721e-05	4.7116e-11
1691	-1.4358e-05	-5.8391e-07	1.0322e-10
1692	-5.3206e-08	-1.4889e-05	5.5478e-11
1693	-1.426	2.1042	0.98967
1694	2.6426e-07	-6.446e-06	1.0433e-11
1695	-1.2211	2.1161	0.976
1696	2.1703e-07	-5.6099e-06	7.899e-12
1697	-1.6458	2.6293	0.9811
1698	3.7938e-10	-2.3987e-06	1.4397e-12
1699	-2.1264	2.8998	0.75984
1700	-1.9891e-07	1.2006e-06	3.8058e-13
1701	-1.6801	2.6195	0.97213
1702	-2.9663e-07	3.3409e-06	2.8372e-12
1703	-1.5765	1.132	1.0049
1704	-2.3801e-07	3.236e-06	2.649e-12
1705	-1.6326	0.69973	1.0552
1706	-7.1794e-08	2.7491e-06	1.894e-12
1707	-1.3205	2.0626	0.97373
1708	7.1746e-08	8.3696e-07	1.7786e-13
1709	-0.79429	3.4303	1.5318
1710	1.3352e-07	-1.6722e-06	7.0866e-13
1711	-0.62066	4.1841	1.8044
1712	7.5766e-08	-3.1324e-06	2.4584e-12
1713	-1.4464	4.0093	1.1228
1714	1.8725e-08	-3.4272e-06	2.9395e-12
1715	-1.8525	3.0877	0.84342
1716	-4.9922e-08	-2.6099e-06	1.706e-12
1717	-2.3151	1.8977	1.156
1718	-1.0576e-07	-6.4736e-07	1.1036e-13
1719	-2.1648	0.40433	1.5382
1720	-1.2317e-07	9.7081e-07	2.4336e-13
1721	-1.1059	-0.7514	0.61393
1722	-1.0459e-07	1.1059e-06	3.1142e-13
1723	-0.59018	1.2375	0.46791
1724	-6.7987e-08	9.1054e-07	2.0983e-13
1725	-0.26322	3.5907	1.7987
1726	-3.0956e-08	-1.0105e-07	2.9976e-15
1727	-0.36052	4.4347	1.9406
1728	-1.1277e-09	-9.1589e-07	2.0994e-13
1729	1.4274e-05	1.4204e-05	1.5242e-10
1730	-1.4336e-05	-1.4406e-05	1.5475e-10
1731	1.4274e-05	-1.0105e-07	1.0193e-10
1732	-3.0956e-08	1.4204e-05	5.049e-11
1733	-1.4336e-05	-1.0105e-07	1.0282e-10
1734	-3.0956e-08	-1.4406e-05	5.1937e-11
1735	-1.3965	3.1231	1.1062
1736	8.1427e-10	-1.0814e-06	2.9265e-13
1737	-1.9655	2.5924	0.90294
1738	-3.4189e-09	-6.7188e-07	1.1313e-13
1739	-2.5951	2.2207	1.0034
1740	-2.7172e-08	-3.5605e-08	6.6613e-16
1741	-2.9894	2.046	1.1256
1742	-4.6282e-08	4.7628e-07	5.7843e-14
1743	1.4278e-05	1.427e-05	1.5294e-10
1744	-1.4332e-05	-1.4341e-05	1.5422e-10
1745	1.4278e-05	-3.5605e-08	1.0198e-10
1746	-2.7172e-08	1.427e-05	5.0956e-11
1747	-1.4332e-05	-3.5605e-08	1.0276e-10
1748	-2.7172e-08	-1.4341e-05	5.1466e-11
1749	-3.014	2.552	0.77418
1750	-5.5341e-08	5.7274e-07	8.36e-14
1751	-2.7798	2.6465	0.72681
1752	-5.1112e-08	2.3086e-07	1.4655e-14
1753	-1.7235	2.1033	1.0145
1754	-3.6747e-08	-1.5191e-07	6.4393e-15
1755	-1.0027	2.2777	1.023
1756	-1.916e-08	-3.7346e-07	3.5083e-14
1757	-0.74679	2.627	1.2095
1758	-1.0454e-08	-3.8322e-07	3.6748e-14
1759	-1.2136	2.4962	1.0694
1760	-1.4364e-08	-2.1343e-07	1.1546e-14
1761	-1.9549	2.7424	0.86788
1762	-2.3082e-08	6.4381e-08	1.2212e-15
1763	-2.1559	2.9045	0.74677
1764	-3.2664e-08	2.7164e-07	1.8985e-14
1765	-2.7748	2.1837	1.028
1766	-3.9695e-08	1.9178e-07	9.992e-15
1767	-3.1029	0.96958	1.7761
1768	-4.1616e-08	2.5677e-08	9.992e-16
1769	-2.9175	-0.34498	1.9483
1770	-3.5736e-08	-1.642e-07	7.4385e-15
1771	-1.9583	0.19526	1.3753
1772	-2.7515e-08	-2.4654e-07	1.5543e-14
1773	-1.6589	1.1032	1.0636
1774	-2.0649e-08	-1.6214e-07	6.7724e-15
1775	-0.96848	2.6748	1.1805
1776	-1.8981e-08	-4.3429e-08	6.6613e-16
1777	-1.2403	3.9112	1.3061
1778	-2.3432e-08	5.553e-08	9.992e-16
1779	-1.1255	4.8406	1.42
1780	-2.9411e-08	8.4545e-08	2.2204e-15
1781	-1.843	5.1881	0.77519
1782	-3.3479e-08	2.6411e-08	7.7716e-16
1783	-1.8277	2.8542	0.89293
1784	-3.124e-08	-4.345e-08	8.8818e-16
1785	-1.7182	1.0224	1.1111
1786	-2.7613e-08	-9.6408e-08	2.6645e-15
1787	-1.4195	0.51935	0.85988
1788	-2.4495e-08	-1.1646e-07	3.7748e-15
1789	-1.0229	0.82724	0.56611
1790	-2.3224e-08	-1.0227e-07	2.8866e-15
1791	-0.75759	1.4298	0.61487
1792	-2.435e-08	-6.097e-08	1.2212e-15
1793	-0.9522	2.744	1.2116
1794	-2.5774e-08	-1.4267e-08	3.3307e-16
1795	-1.0874	4.2689	1.4661
1796	-2.6911e-08	2.3025e-08	4.4409e-16
1797	1.4279e-05	1.4291e-05	1.5311e-10
1798	-1.4331e-05	-1.4319e-05	1.5405e-10
1799	1.4279e-05	-1.4267e-08	1.02e-10
1800	-2.5774e-08	1.4291e-05	5.1108e-11
1801	-1.4331e-05	-1.4267e-08	1.0274e-10
1802	-2.5774e-08	-1.4319e-05	5.1313e-11
1803	-1.3677	4.9908	1.1934
1804	-2.7205e-08	2.4628e-08	4.4409e-16
1805	-1.3528	5.321	1.1834
1806	-2.6925e-08	1.7181e-08	4.4409e-16
1807	-1.8328	4.6255	0.74931
1808	-2.6037e-08	-1.9894e-09	3.3307e-16
1809	-2.4369	3.5898	0.37731
1810	-2.5235e-08	-2.4443e-08	4.4409e-16
1811	-2.8794	2.5737	0.76564
1812	-2.4982e-08	-3.7341e-08	6.6613e-16
1813	-2.0289	1.048	1.3276
1814	-2.5313e-08	-2.7758e-08	5.5511e-16
1815	-1.2391	0.83877	0.73053
1816	-2.5663e-08	-1.6502e-08	4.4409e-16
1817	-1.0291	1.8508	0.86756
1818	-2.6024e-08	-6.5257e-09	3.3307e-16
1819	-1.0393	3.1722	1.3184
1820	-2.6176e-08	-5.5514e-09	3.3307e-16
1821	-1.8633	4.684	0.72217
1822	-2.6102e-08	-1.0972e-08	3.3307e-16
1823	-2.5025	5.5532	0.44158
1824	-2.5762e-08	-1.8005e-08	4.4409e-16
1825	-2.0521	3.6043	0.62039
1826	-2.5498e-08	-2.2556e-08	4.4409e-16
1827	-1.4275	1.4733	0.92896
1828	-2.5421e-08	-1.9744e-08	4.4409e-16
1829	-0.88144	0.23694	0.37307
1830	-2.5604e-08	-1.4294e-08	3.3307e-16
1831	-0.38946	0.024709	0.075064
1832	-2.5833e-08	-9.9477e-09	3.3307e-16
1833	-1.3601	1.1512	0.85722
1834	-2.5988e-08	-7.938e-09	3.3307e-16
1835	-2.753	1.7999	1.2745
1836	-2.5986e-08	-1.0676e-08	3.3307e-16
1837	-3.2099	3.1305	0.40701
1838	-2.581e-08	-1.4985e-08	4.4409e-16
1839	-2.3866	3.9092	0.32825
1840	-2.5658e-08	-1.8102e-08	4.4409e-16
1841	-1.221	3.2173	1.2248
1842	-2.5614e-08	-1.8388e-08	4.4409e-16
1843	0.20036	1.5483	0.55158
1844	-2.5647e-08	-1.7336e-08	4.4409e-16
1845	0.75068	-0.25538	0.28082
1846	-2.5776e-08	-1.4981e-08	4.4409e-16
1847	0.72412	-1.2672	0.53258
1848	-2.5877e-08	-1.2716e-08	3.3307e-16
1849	-0.98513	-0.73444	0.5205
1850	-2.5935e-08	-1.1793e-08	3.3307e-16
1851	-3.0572	1.081	1.7219
1852	-2.5833e-08	-1.3236e-08	3.3307e-16
1853	-3.7484	4.343	0.18882
1854	-2.5721e-08	-1.4634e-08	3.3307e-16
1855	-2.6939	7.0169	1.2365
1856	-2.5648e-08	-1.5497e-08	4.4409e-16
1857	-1.0837	6.5124	1.0611
1858	-2.5678e-08	-1.525e-08	4.4409e-16
1859	0.38087	5.1496	1.8215
1860	-2.5734e-08	-1.4484e-08	3.3307e-16
1861	0.1052	2.9979	1.5212
1862	-2.5806e-08	-1.3733e-08	3.3307e-16
1863	-0.45666	2.139	0.94892
1864	-2.5848e-08	-1.3254e-08	3.3307e-16
1865	-1.8103	1.9985	1.0391
1866	-2.5846e-08	-1.352e-08	3.3307e-16
1867	-2.7153	2.9108	0.57751
1868	-2.5819e-08	-1.4121e-08	3.3307e-16
1869	-3.6036	3.4483	0.32348
1870	-2.5781e-08	-1.4662e-08	3.3307e-16
1871	-2.431	2.3804	0.9179
1872	-2.5749e-08	-1.4987e-08	4.4409e-16
1873	-1.4051	1.1422	0.88684
1874	-2.5733e-08	-1.4872e-08	3.3307e-16
1875	-1.3618	1.5175	0.902
1876	-2.5747e-08	-1.433e-08	3.3307e-16
1877	-0.9303	1.43	0.68348
1878	-2.5774e-08	-1.3872e-08	3.3307e-16
1879	-1.1948	2.0811	0.96507
1880	-2.5795e-08	-1.3657e-08	3.3307e-16
1881	-1.6191	2.884	0.98093
1882	-2.5792e-08	-1.3724e-08	3.3307e-16
1883	-2.3	3.7052	0.42705
1884	-2.5783e-08	-1.3942e-08	3.3307e-16
1885	-2.2204	4.4965	0.40183
1886	-2.5769e-08	-1.4355e-08	3.3307e-16
1887	-1.3907	4.2391	1.1822
1888	-2.576e-08	-1.4652e-08	3.3307e-16
1889	-0.26266	2.9747	1.4926
1890	-2.5759e-08	-1.467e-08	3.3307e-16
1891	0.015432	2.2641	1.0314
1892	-2.5766e-08	-1.4468e-08	3.3307e-16
1893	-1.1975	1.5635	0.83737
1894	-2.5774e-08	-1.4237e-08	3.3307e-16
1895	-2.1152	0.89764	1.4184
1896	-2.5781e-08	-1.4065e-08	3.3307e-16
1897	-2.5332	0.91281	1.6573
1898	-2.5781e-08	-1.4085e-08	3.3307e-16
1899	-2.5052	2.5373	0.82504
1900	-2.5779e-08	-1.426e-08	3.3307e-16
1901	-1.8167	3.8496	0.78223
1902	-2.5776e-08	-1.4399e-08	3.3307e-16
1903	-0.87844	4.4246	1.6434
1904	-2.5773e-08	-1.4413e-08	3.3307e-16
1905	-0.018986	3.7605	1.8892
1906	-2.5771e-08	-1.433e-08	3.3307e-16
1907	0.049134	3.6038	1.8313
1908	-2.5771e-08	-1.4214e-08	3.3307e-16
1909	-0.13992	3.2486	1.6603
1910	-2.5772e-08	-1.4148e-08	3.3307e-16
1911	-1.6437	3.0858	0.96126
1912	-2.5774e-08	-1.4116e-08	3.3307e-16
1913	-2.4128	1.6349	1.3027
1914	-2.5775e-08	-1.4162e-08	3.3307e-16
1915	-2.8459	0.067095	1.9575
1916	-2.5775e-08	-1.426e-08	3.3307e-16
1917	-2.6038	0.091375	1.8587
1918	-2.5775e-08	-1.4339e-08	3.3307e-16
1919	-2.015	1.0369	1.3206
1920	-2.5774e-08	-1.4348e-08	3.3307e-16
1921	-1.411	2.3046	1.0112
1922	-2.5773e-08	-1.4317e-08	3.3307e-16
1923	-0.91936	3.3845	1.4474
1924	-2.5773e-08	-1.4267e-08	3.3307e-16
1925	-0.64739	3.4462	1.6107
1926	-2.5774e-08	-1.4229e-08	3.3307e-16
1927	-1.5915	2.0843	1.0037
1928	-2.5774e-08	-1.4216e-08	3.3307e-16
1929	-1.8766	0.91551	1.2413
1930	-2.5775e-08	-1.4237e-08	3.3307e-16
1931	-2.4848	0.038483	1.7932
1932	-2.5775e-08	-1.4274e-08	3.3307e-16
1933	-2.8787	-0.2065	1.9575
1934	-2.5774e-08	-1.43e-08	3.3307e-16
1935	-2.7157	0.32668	1.8884
1936	-2.5774e-08	-1.4314e-08	3.3307e-16
1937	-1.8692	2.5576	0.93328
1938	-2.5774e-08	-1.4293e-08	3.3307e-16
1939	-0.91876	4.4092	1.6117
1940	-2.5774e-08	-1.4263e-08	3.3307e-16
1941	-0.34273	4.6867	1.9334
1942	-2.5774e-08	-1.4242e-08	3.3307e-16
1943	-0.096004	3.6063	1.8295
1944	-2.5774e-08	-1.4232e-08	3.3307e-16
1945	-0.99052	2.6781	1.176
1946	-2.5774e-08	-1.4231e-08	3.3307e-16
1947	-1.8866	2.4289	0.95696
1948	-2.5774e-08	-1.425e-08	3.3307e-16
1949	-2.7256	1.7116	1.3252
1950	-2.5774e-08	-1.4267e-08	3.3307e-16
1951	-2.301	1.2902	1.4099
1952	-2.5774e-08	-1.428e-08	3.3307e-16
1953	-1.3925	1.6169	0.9276
1954	-2.5774e-08	-1.4286e-08	3.3307e-16
1955	-0.61055	1.7351	0.72458
1956	-2.5774e-08	-1.4286e-08	3.3307e-16
1957	-1.092	1.9199	0.90374
1958	-2.5774e-08	-1.4271e-08	3.3307e-16
1959	-1.9572	1.9072	1.0849
1960	-2.5774e-08	-1.4258e-08	3.3307e-16
1961	-2.7009	1.3045	1.5484
1962	-2.5774e-08	-1.4249e-08	3.3307e-16
1963	-3.1117	1.0625	1.7332
1964	-2.5774e-08	-1.4251e-08	3.3307e-16
1965	-3.2296	1.3891	1.5561
1966	-2.5774e-08	-1.4265e-08	3.3307e-16
1967	-2.4425	1.8322	1.2104
1968	-2.5774e-08	-1.4278e-08	3.3307e-16
1969	-1.7636	3.4558	0.85697
1970	-2.5774e-08	-1.4286e-08	3.3307e-16
1971	-1.3867	3.6885	1.1615
1972	-2.5774e-08	-1.4277e-08	3.3307e-16
1973	-1.5102	3.2146	1.0423
1974	-2.5774e-08	-1.4267e-08	3.3307e-16
1975	-1.5566	3.1092	1.0113
1976	-2.5774e-08	-1.426e-08	3.3307e-16
1977	-2.3075	2.9596	0.66854
1978	-2.5774e-08	-1.426e-08	3.3307e-16
1979	-2.0755	2.8141	0.80629
1980	-2.5774e-08	-1.4263e-08	3.3307e-16
1981	-2.0851	2.9403	0.76382
1982	-2.5774e-08	-1.4267e-08	3.3307e-16
1983	-1.9777	2.3688	0.96123
1984	-2.5774e-08	-1.427e-08	3.3307e-16
1985	-1.154	2.7411	1.1477
1986	-2.5774e-08	-1.4271e-08	3.3307e-16
1987	-0.41681	2.2075	0.99226
1988	-2.5774e-08	-1.427e-08	3.3307e-16
1989	-0.64417	1.6552	0.68912
1990	-2.5774e-08	-1.4267e-08	3.3307e-16
1991	-0.81163	2.722	1.2406
1992	-2.5774e-08	-1.4265e-08	3.3307e-16
1993	-1.277	2.5442	1.0675
1994	-2.5774e-08	-1.4264e-08	3.3307e-16
1995	-1.6051	2.9065	0.98677
1996	-2.5774e-08	-1.4264e-08	3.3307e-16
1997	-1.4808	3.2428	1.0626
1998	-2.5774e-08	-1.4265e-08	3.3307e-16
1999	-1.6601	2.3244	0.99555
2000	-2.5774e-08	-1.4267e-08	3.3307e-16
