1	1	1	0.58974
2	-216.02	-550.24	89.009
3	202.13	87.672	12.813
4	-386.01	34.179	39.066
5	539.48	541.65	146.49
6	-485.88	325.45	86.159
7	-88.047	-136.09	7.9696
8	503.03	36.792	64.007
9	-337.73	-257.14	46.037
10	-264.09	-480.36	75.211
11	-148.04	276.71	26.209
12	-104.1	-311.42	28.824
13	66.559	-525.48	71.681
14	-472.14	-149.43	62.06
15	541.8	-494.47	135.59
16	486.09	2.8261	59.801
17	-294.51	-242.31	37.448
18	126.56	-427.32	50.128
19	-456.15	-460.48	106.39
20	-559.87	-528.3	149.89
21	1	1	0.58974
22	-214.63	-520.31	80.7
23	-271.34	19.268	19.303
24	503.48	331.93	92.336
25	-482.08	190.28	68.021
26	433.59	36.192	47.431
27	-315.49	-241.37	40.322
28	-228.69	-471.74	70.387
29	-126.28	273.73	23.439
30	-91.581	-282.59	23.347
31	45.051	-466.91	56.47
32	-395.56	-139.62	45.21
33	442.48	-464.39	103.79
34	368.05	2.6431	34.607
35	-181.19	-183.25	17.975
36	112.46	-251.46	20.214
37	-278.83	-248.18	36.483
38	-376.32	-264.09	53.985
39	241	241	30.487
40	-239	-239	28.786
41	241	1	15.992
42	1	241	15.131
43	-239	1	14.542
44	1	-239	14.85
45	1	1	0.58974
46	-143.88	-372.11	40.214
47	-159.88	5.2465	6.6036
48	221.81	112.09	16.199
49	-377.48	57.564	38.325
50	366.24	24.919	34.772
51	-287.92	-122.76	25.313
52	-161.49	-256.71	24.224
53	-77.955	224.75	14.925
54	-52.903	-243.42	15.824
55	14.68	-200.57	10.648
56	-160.82	-75.508	8.0624
57	274.51	-276.26	39.23
58	149.94	1.9134	6.4797
59	-38.72	-63.855	2.1906
60	65.168	-6.5087	1.9962
61	-48.793	-31.542	1.9369
62	-84.29	8.6379	3.643
63	121	121	8.2845
64	-119	-119	8.804
65	121	1	4.6975
66	1	121	5.0606
67	-119	1	3.8346
68	1	-119	4.9615
69	1	1	0.58974
70	-45.44	-69.26	2.6844
71	9.6245	-9.1603	2.0059
72	-140.14	-99.514	8.4913
73	-279.42	-69.542	22.181
74	124.52	11.65	5.0639
75	-159.53	29.474	7.2655
76	-53.479	2.9367	1.2339
77	-20.355	132.8	5.4514
78	-2.0331	-106.29	4.2584
79	-18.047	44.327	0.8795
80	71.981	-6.2538	2.0297
81	68.879	-34.991	1.593
82	-77.819	0.86562	3.1289
83	104.43	74.993	4.4579
84	7.4554	214.23	12.188
85	168.5	168.98	14.829
86	187.19	253.43	26.073
87	61	61	3.0311
88	-59	-59	2.2484
89	61	1	2.1267
90	1	61	1.5734
91	-59	1	2.4567
92	1	-59	2.2153
93	1	1	0.58974
94	62.581	212.37	12.471
95	160.58	-17.824	8.4614
96	-399.85	-281.71	60.621
97	-143.1	-179.37	14.1
98	-133.16	-2.4903	5.5002
99	29.682	157.19	7.3373
100	49.519	236.05	16.217
101	40.567	38.691	1.199
102	44.989	34.291	1.4612
103	-38.579	254.97	17.842
104	273.1	56.114	20.045
105	-119.11	186.08	12.304
106	-264.92	-0.071897	18.028
107	152.54	155.87	12.726
108	-22.218	266.2	19.779
109	284.61	198.53	30.943
110	265.6	249.63	34.322
111	31	31	2.3929
112	-29	-29	1.3564
113	31	1	0.54507
114	12.993	1	0.35045
115	120.44	267.47	22.116
116	232.54	-16.01	14.264
117	-557.82	-348.26	109.05
118	-7.2312	-197.97	10.917
119	-208.39	-7.1401	11.705
120	120.63	196.34	14.017
121	91.108	273.74	22.16
122	92.927	-60.217	4.0239
123	82.874	147.25	8.4704
124	-20.29	309.46	24.984
125	334.56	89.719	30.982
126	-165.62	373.84	43.365
127	-307.01	-0.39612	23.942
128	94.494	118.43	7.1944
129	7.7422	66.08	2.2095
130	310.89	194.62	35.442
131	182.03	153.98	15.682
132	23.769	1	0.985
133	140.68	193.93	15.701
134	241.18	-5.8995	15.164
135	-432.99	-237.65	62.016
136	123.56	-145.73	9.7151
137	-179.09	-2.2886	8.9718
138	92.858	126.97	7.229
139	89.661	149.05	8.5826
140	106.77	-110.49	7.8175
141	112.69	202.84	14.033
142	12.175	208.54	12.816
143	252.48	93.744	19.523
144	-48.952	232.8	15.068
145	-284.79	0.31747	21.722
146	4.7851	38.493	1.4119
147	61.114	-166.06	8.7727
148	244.43	64.219	16.851
149	-45.29	-42.695	1.8807
150	72.993	61	3.7518
151	-47.007	-59	1.7888
152	72.993	1	2.8954
153	12.993	61	1.3709
154	-47.007	1	2.3077
155	12.993	-59	2.4934
156	27.099	1	1.4764
157	43.435	6.2408	1.7334
158	150.12	4.2812	7.4144
159	-63.156	-59.105	3.4196
160	187.95	-67.912	11.518
161	-58.385	6.1114	1.7616
162	65.989	46.063	3.0225
163	70.105	-79.662	3.2793
164	61.602	-131.27	6.2086
165	71.115	161.49	8.9757
166	39.028	68.25	2.646
167	87.876	90.407	4.5183
168	97.96	33.327	3.6799
169	-121.43	1.188	4.9911
170	-72.571	-37.583	2.7916
171	107.77	-294.88	25.415
172	102.72	-113.94	7.1406
173	-244.18	-210.36	27.268
174	42.993	31	2.2505
175	-17.007	-29	1.2595
176	42.993	1	1.0446
177	12.993	31	2.1904
178	-17.007	1	1.2768
179	12.993	-29	1.3304
180	19.591	1	0.53568
181	-53.498	-163.47	7.6022
182	-4.6102	9.5779	1.1183
183	287.15	130.26	25.697
184	214.17	16.506	12
185	79.361	12.428	2.0652
186	23.947	-32.586	1.5958
187	-26.238	-230.04	14.058
188	-3.5723	-98.67	4.1578
189	21.82	12.976	0.2061
190	27.985	-89.69	4.0042
191	-65.506	61.987	3.9158
192	183.68	-187.21	18.099
193	65.011	1.8266	2.2151
194	-121.19	-93.045	6.6018
195	97.913	-353.34	34.689
196	-75	-233.94	16.516
197	-267.67	-252.17	34.226
198	12.055	6.6027	1.0852
199	-127.23	-248.76	20.514
200	-130.82	14.952	5.5122
201	488.37	187.54	69.534
202	179.64	84.474	10.012
203	112.8	16.958	3.4511
204	-14.611	-102.89	3.2989
205	-102.35	-299.85	26.088
206	-48.558	8.2959	1.7316
207	-22.434	-120.35	3.8777
208	11.111	-216.36	12.801
209	-138.43	1.0994	5.0924
210	168.59	-218.82	20.423
211	217.6	3.3339	12.363
212	-148.83	-84.84	7.9657
213	71.588	-283.05	22.787
214	-198.66	-282.04	30.712
215	-126.16	-146.21	11.169
216	51.82	42.976	2.1249
217	-8.1795	-17.024	1.3653
218	51.82	12.976	1.7288
219	21.82	42.976	2.0905
220	-8.1795	12.976	0.74887
221	21.82	-17.024	2.0424
222	7.3389	12.188	1.3913
223	-178.14	-152.51	15.06
224	-209.2	17.713	12.305
225	399.67	85.597	42.25
226	136.06	97.678	8.5758
227	71.895	18.878	3.0447
228	-24.922	-83.787	3.7935
229	-121	-289.47	25.566
230	-26.327	114.65	4.1587
231	-39.687	-203.05	11.943
232	-11.31	-137.96	6.0954
233	-155.32	-50.49	7.59
234	97.219	-242.98	17.568
235	201.76	7.0952	10.958
236	-65.912	-13.131	1.1409
237	37.956	-207.01	12.352
238	-249.2	-147.89	21.665
239	17.944	6.2044	1.2873
240	36.82	27.976	1.1544
241	6.8205	-2.0238	0.89298
242	36.82	12.976	1.9995
243	21.82	27.976	1.9018
244	6.8205	12.976	1.8863
245	21.82	-2.0238	1.2573
246	5.6685	12.773	1.8035
247	-94.107	-5.624	3.8864
248	-219.28	18.098	12.319
249	84.034	-62.664	4.4144
250	55.305	88.723	3.4124
251	29.595	13.159	1.0169
252	-15.792	-22.515	0.2151
253	-89.579	-83.965	4.7273
254	48.855	161.83	8.1062
255	-22.331	-209.57	11.294
256	-21.273	37.304	1.702
257	-67.521	-84.043	3.8831
258	9.3882	-158.43	7.7751
259	136.04	11.182	5.6278
260	38.625	54.888	1.8601
261	14.348	-53.743	1.9737
262	-192.21	34.073	10.952
263	148.58	145.42	11.407
264	29.32	20.476	1.1519
265	14.32	5.4762	0.92302
266	29.32	12.976	0.77157
267	21.82	20.476	0.89363
268	14.32	12.976	0.91672
269	21.82	5.4762	0.39263
270	8.2552	12.926	0.68394
271	75.456	134.79	6.4804
272	-178.92	17.476	10.047
273	-293.09	-156.59	28.173
274	-17.476	50.037	1.8351
275	-11.618	7.9765	0.58274
276	-0.18286	34.572	0.53842
277	-46.697	113.19	4.6821
278	111.99	121.07	8.1142
279	-0.49659	-124.49	3.9972
280	-15.728	191.4	9.252
281	53.733	-83.266	2.8034
282	-49.038	-20.838	1.8994
283	18.457	14.715	1.6538
284	116.34	93.695	5.6215
285	-4.5217	109.28	3.9343
286	-30.097	183.62	9.7831
287	243.15	259.04	32.738
288	25.57	16.726	0.56404
289	18.07	9.2262	0.41188
290	25.57	12.976	2.0833
291	21.82	16.726	1.9173
292	18.07	12.976	1.8133
293	21.82	9.2262	2.0974
294	13.803	12.807	1.3944
295	221.58	223.36	25.813
296	4.4103	14.164	0.8079
297	-377.46	-187.34	44.62
298	-75.155	-1.3125	1.8308
299	-35.217	3.5684	0.66939
300	16.025	69.276	2.5367
301	9.5632	232.71	14.934
302	103.53	23.323	3.1147
303	30.486	-25.279	1.0566
304	0.25498	239.23	14.451
305	157.66	-14.838	7.673
306	-41.424	101.99	3.2026
307	-86.172	17.419	3.1456
308	100.74	71.817	3.9752
309	-13.017	228.49	14.296
310	123.16	180.85	12.483
311	180.18	252.97	24.674
312	23.695	14.851	1.2587
313	19.945	11.101	1.1283
314	23.695	12.976	1.3115
315	21.82	14.851	0.70675
316	19.945	12.976	1.5847
317	21.82	11.101	1.154
318	19.968	12.255	1.4545
319	244.38	185.77	23.903
320	175.26	10.989	8.6437
321	-241.63	-142.97	21.521
322	-83.659	-43.685	3.5687
323	-26.89	3.922	1.0115
324	25.655	54.582	1.368
325	46.812	312.4	26.468
326	86.498	-62.914	3.7692
327	54.195	85.71	3.1414
328	23.536	164.34	7.865
329	159.03	62.477	8.6615
330	23.616	147.71	6.6327
331	-148.1	17.223	7.3921
332	11.919	13.921	1.8128
333	-3.8231	245.81	15.708
334	172.77	113.34	11.705
335	39.672	114.16	4.8764
336	22.758	13.914	0.51851
337	20.883	12.039	0.8721
338	22.758	12.976	0.4737
339	21.82	13.914	0.2651
340	20.883	12.976	0.71862
341	21.82	12.039	0.55209
342	24.561	11.13	1.1951
343	258.37	23.58	18.241
344	252.99	10.116	17.085
345	-2.3632	-23.046	0.54162
346	-85.225	-44.647	4.2236
347	7.2253	7.3664	0.7465
348	15.26	32.651	0.91322
349	58.597	206.29	12.596
350	46.359	-61.758	3.1771
351	71.898	163	8.4135
352	32.757	-24.446	1.416
353	82.39	96.606	4.5036
354	96.154	38.422	3.533
355	-84.172	14.276	2.1988
356	-97.907	-50.379	3.6103
357	21.456	53.866	2.636
358	95.165	-35.309	2.976
359	-94.31	-44.736	2.7493
360	22.289	13.445	0.21672
361	21.352	12.507	0.48217
362	22.289	12.976	0.23992
363	21.82	13.445	0.18209
364	24.311	7.694	0.70951
365	111.07	-124.77	8.4028
366	276.26	10.687	19.822
367	212.58	84.629	14.582
368	-73.136	-4.5288	1.7061
369	41.325	11.36	1.3021
370	0.19764	-15.302	1.2297
371	31.111	2.0317	1.1154
372	0.49087	-34.603	0.60522
373	61.19	167.52	8.9939
374	16.974	-158.1	7.3995
375	7.748	76.828	2.5549
376	133.33	-62.287	6.2257
377	8.1796	11.609	0.93931
378	-146.1	-77.341	7.8262
379	43.078	-154.71	7.9717
380	-61.132	-146.24	7.1565
381	-164.45	-157.9	13.936
382	22.289	13.914	0.29734
383	21.352	12.976	0.37842
384	22.289	13.445	0.21672
385	21.82	13.914	0.2651
386	21.352	13.445	0.35944
387	21.82	12.976	0.2061
388	21.43	5.0078	0.34109
389	-47.594	-179.75	9.7623
390	85.288	13.699	2.0021
391	287.89	124.3	25.161
392	-61.772	38.956	2.698
393	61.156	14.764	1.934
394	-9.2866	-54.392	2.4777
395	2.3944	-177.71	9.63
396	-38.571	12.913	2.0296
397	41.728	68.106	2.2721
398	-0.56983	-173.66	9.3502
399	-29.725	28.739	1.4392
400	136.19	-121.7	9.1897
401	94.172	9.3771	2.3015
402	-185.94	-66.615	9.9225
403	43.471	-302.17	23.428
404	-171.74	-150.84	14.553
405	-86.334	-131.63	7.2186
406	22.055	13.679	0.20094
407	21.586	13.211	0.24424
408	22.055	13.445	0.1722
409	18.857	4.9486	2.0317
410	-164.15	-133.86	11.567
411	-149.96	16.485	6.2783
412	252.82	103.19	19.699
413	-41.06	69.535	3.0757
414	50.472	16.26	1.2321
415	-10.961	-67.355	2.1339
416	-7.0391	-192.09	10.774
417	-52.95	37.442	2.2544
418	11.312	-58.966	2.1054
419	-10.404	-85.388	2.4193
420	-57.761	-21.763	2.2859
421	107.6	-119.08	8.0168
422	142.95	8.5175	6.1195
423	-79.692	-21.492	2.3486
424	28.878	-311.14	26.23
425	-153.27	-100.66	9.0357
426	22.542	-36.317	2.1847
427	22.289	13.679	0.24432
428	21.82	13.211	0.18063
429	22.289	13.445	0.21672
430	22.055	13.679	0.20094
431	21.82	13.445	0.18209
432	22.055	13.211	0.17074
433	17.514	6.2944	1.1469
434	-167.3	15.192	7.8798
435	-246.68	16.378	16.313
436	142.94	29.796	6.3268
437	-31.574	37.524	1.434
438	13.534	16.162	0.87305
439	1.2171	-67.162	2.4513
440	0.34786	-91.946	3.6547
441	-41.848	23.208	1.1646
442	-10.29	-139.71	5.7938
443	-4.0283	54.578	2.1448
444	-65.652	-32.23	1.6753
445	55.678	-21.14	2.3541
446	114.75	10.168	4.3698
447	59.191	30.721	1.2651
448	11.301	-113.35	4.232
449	-82.585	-26.557	2.264
450	119.06	71.595	4.9366
451	22.289	13.445	0.21672
452	21.82	12.976	0.2061
453	22.289	13.211	0.21526
454	22.055	13.445	0.1722
455	21.82	13.211	0.18063
456	22.055	12.976	0.19656
457	19.813	7.7247	0.72427
458	-54.338	147.68	6.7547
459	-92.729	14.118	3.2439
460	26.067	-45.386	1.2213
461	-8.8422	2.1647	1.0542
462	-23.922	14.476	1.4383
463	12.281	-51.947	1.1674
464	22.209	47.077	1.3873
465	-4.0723	3.8568	0.46116
466	-20.608	-140.23	6.0582
467	8.6722	159.15	7.9675
468	-62.3	-12.286	2.6462
469	0.50681	76.513	3.1348
470	22.059	12.854	0.22091
471	116.77	53.209	5.9778
472	0.90795	150.38	6.1072
473	-0.65009	47.738	2.1236
474	144.95	138.62	11.787
475	22.172	13.328	0.18362
476	21.938	13.093	0.17839
477	22.172	13.211	0.18627
478	22.055	13.328	0.16804
479	22.902	9.8904	1.6204
480	90.69	226.91	15.037
481	117.1	11.745	4.179
482	-80.741	-77.209	4.3404
483	24.843	-28.538	1.129
484	-54.63	10.432	1.93
485	11.455	-20.227	1.2082
486	42.912	150.26	6.7002
487	38.523	-11.492	1.5866
488	-2.2579	-139.38	5.6082
489	17.371	184.06	9.5657
490	-18.633	28.666	1.146
491	-42.953	114.61	4.3316
492	-60.879	15.301	1.9196
493	78.758	24.1	2.4662
494	5.4293	232.96	14.441
495	71.193	90.77	4.4322
496	154.07	137.28	10.703
497	22.172	13.445	0.18773
498	21.938	13.211	0.16885
499	22.172	13.328	0.18362
500	22.055	13.445	0.1722
501	21.938	13.328	0.16615
502	25.185	11.326	1.3443
503	185.69	205.07	20.964
504	270.87	10.94	19.282
505	-116.78	-98.931	7.4274
506	43.051	-38.122	1.9761
507	-36.955	6.532	1.4208
508	3.3911	10.291	1.5581
509	57.986	229.12	14.936
510	56.64	-17.21	0.95784
511	23.479	-61.405	2.1508
512	24.449	99.163	3.1916
513	37.45	62.277	1.3524
514	-51.125	82.951	3.7071
515	-121.79	15.999	5.0056
516	-18.353	-21.831	2.0505
517	14.786	169.05	8.7963
518	91.327	82.213	4.7612
519	66.401	75.6	2.6223
520	22.055	13.445	0.1722
521	21.82	13.211	0.18063
522	22.055	13.328	0.16804
523	21.938	13.445	0.17031
524	21.82	13.328	0.17797
525	21.938	13.211	0.16885
526	25.922	10.36	0.84003
527	196.61	85.109	12.25
528	345.2	12.196	31.474
529	-75.048	-48.584	3.9182
530	45.12	-34.975	1.4283
531	13.397	4.7463	1.7092
532	-6.161	31.741	2.1539
533	52.877	200.52	10.961
534	42.823	-14.743	1.7288
535	45.393	59.73	2.435
536	20.211	-25.626	1.111
537	73.974	77.31	3.9068
538	-44.829	24.527	1.6103
539	-122.52	16.228	5.28
540	-123.18	-44.398	6.0798
541	25.962	12.792	1.8367
542	41.511	37.484	1.9364
543	-36.854	-13.74	2.0225
544	21.996	13.386	0.1666
545	21.879	13.269	0.17084
546	21.996	13.328	0.16538
547	24.495	9.5454	0.45535
548	107	-79.834	4.4773
549	300.44	14.241	23.937
550	2.2045	4.2091	0.42156
551	16.87	-10.547	1.2522
552	53.316	4.4845	0.72025
553	-14.859	40.456	0.8399
554	29.719	92.481	3.2538
555	16.68	-2.9644	0.78899
556	49.92	142.64	5.8205
557	15.791	-110.87	3.149
558	62.302	57.879	3.6674
559	-15.359	-41.304	0.92521
560	-33.21	13.973	1.1255
561	-137.77	-40.692	6.9459
562	34.318	-126.71	5.2449
563	-8.215	-2.9995	0.83444
564	-92.958	-80.466	4.5184
565	22.055	13.386	0.16926
566	21.938	13.269	0.16665
567	22.055	13.328	0.16804
568	21.996	13.386	0.1666
569	21.938	13.328	0.16615
570	21.996	13.269	0.16587
571	22.067	9.0571	2.1321
572	-7.6753	-172.94	8.6641
573	127.74	15.701	5.1924
574	81.108	52.44	2.6476
575	-10.08	19.874	1.1906
576	78.685	6.473	2.4248
577	-8.3211	40.916	1.0794
578	7.8392	-47.002	1.5713
579	-8.3699	12.764	0.60372
580	35.938	124.15	5.3619
581	6.501	-115.02	3.4014
582	20.736	33.166	1.3484
583	19.415	-79.72	1.8523
584	54.834	11.843	1.7157
585	-94.047	-13.034	4.2124
586	35.554	-155.82	6.8564
587	-51.906	-34.364	2.0159
588	-115.18	-54.277	5.4302
589	22.026	13.357	0.16668
590	21.967	13.298	0.16537
591	19.597	7.4739	0.71253
592	-98.178	-92.398	4.9781
593	-89.005	16.034	2.8749
594	103.1	69.757	5.3697
595	-26.054	35.482	0.88045
596	40.54	8.8213	2.3844
597	-1.4771	9.0368	0.92796
598	-3.1292	-142.21	7.0578
599	-21.968	26.375	2.2744
600	21.878	38.303	1.1172
601	-8.7136	-34.412	1.8432
602	-28.695	5.2531	0.44568
603	46.036	-109.05	4.4381
604	111.46	10.425	4.1622
605	-19.034	16.558	0.51643
606	33.854	-107.18	4.8635
607	-64.567	-49.64	2.5185
608	-78.746	7.089	2.8523
609	21.996	13.328	0.16538
610	21.938	13.269	0.16665
611	21.996	13.298	0.16541
612	21.967	13.328	0.16534
613	18.317	5.7325	1.6197
614	-122.67	19.558	5.1573
615	-246.49	15.232	16.276
616	76.207	40.013	3.5427
617	-32.138	41.836	1.8904
618	-19.798	10.996	1.0824
619	10.721	-33.866	1.4172
620	1.7165	-112.73	4.1212
621	-18.95	30.114	2.0791
622	9.3603	-57.301	0.89637
623	-17.305	44.036	1.5342
624	-49.714	-18.015	0.85972
625	50.931	-106.67	3.7064
626	142.96	10.885	6.136
627	55.195	41.432	2.3031
628	25.529	-10.392	0.7429
629	-43.258	-43.391	1.3823
630	25.62	61.851	1.2635
631	21.996	13.357	0.16578
632	21.938	13.298	0.16619
633	21.996	13.328	0.16538
634	21.967	13.357	0.16573
635	21.938	13.328	0.16615
636	21.967	13.298	0.16537
637	19.155	4.2346	2.0396
638	-27.466	111.61	3.6605
639	-185.76	13.415	8.7531
640	36.343	2.2708	1.3389
641	-26.139	31.243	1.947
642	-51.769	12.988	1.7779
643	13.352	-55.558	1.8271
644	18.496	-11.932	1.6375
645	9.0247	21.228	0.42699
646	4.6037	-113.92	4.2967
647	-19.726	101.81	4.3052
648	-58.808	-29.77	1.7115
649	34.347	-40.293	0.74583
650	114.68	12.105	4.3174
651	83.109	48.575	3.4559
652	16.92	76.948	2.363
653	3.0041	-17.012	1.9256
654	117.09	102.86	6.4834
655	21.982	13.342	0.1654
656	21.952	13.313	0.1656
657	21.982	13.328	0.16525
658	20.384	5.1353	1.1423
659	93.581	110.05	6.8054
660	-24.764	12.093	1.7888
661	-2.7911	-29.632	0.74473
662	-14.27	17.02	1.2376
663	-51.294	13.77	2.196
664	10.364	-56.324	1.5079
665	39.568	81.957	3.1196
666	34.684	10.75	1.5775
667	13.931	-98.934	3.3591
668	-4.4312	147.39	6.1996
669	-28.79	-18.655	1.9999
670	14.516	35.948	1.7307
671	68.081	13.629	2.7051
672	75.38	28.915	2.6553
673	14.73	147.48	6.035
674	44.895	12.192	1.9655
675	152.31	122.26	10.533
676	21.996	13.342	0.16552
677	21.967	13.313	0.1653
678	21.996	13.328	0.16538
679	21.982	13.342	0.1654
680	21.967	13.328	0.16534
681	21.982	13.313	0.16521
682	21.704	6.8996	1.2884
683	181.55	39.801	10.415
684	140.26	11.986	5.6967
685	-30.931	-37.888	1.6753
686	13.28	11.108	1.0756
687	-39.332	13.92	1.3782
688	-0.12245	-28.277	0.79045
689	54.662	149.22	7.3971
690	47.436	4.8335	0.65279
691	25.195	-72.772	2.1139
692	10.193	96.026	3.5821
693	3.9376	1.876	1.174
694	4.9463	92.482	3.3385
695	10.093	14.843	0.70432
696	59.66	2.931	1.4113
697	16.484	112.11	3.6814
698	72.297	37.488	2.8523
699	123.81	126.16	8.9002
700	21.996	13.328	0.16538
701	21.967	13.298	0.16537
702	21.996	13.313	0.16534
703	21.982	13.328	0.16525
704	21.967	13.313	0.1653
705	21.982	13.298	0.16528
706	22.845	9.7071	1.7032
707	211.79	-36.802	12.718
708	225.66	12.547	14.504
709	-34.9	-25.151	1.9187
710	22.725	13.704	0.45933
711	-9.794	11.982	0.51914
712	-12.697	7.7587	0.36245
713	54.34	113.5	5.0464
714	40.646	3.3424	0.71704
715	34.758	-13.352	0.36668
716	22.298	4.069	0.20837
717	33.397	21.058	1.1167
718	2.0068	78.611	2.7872
719	-35.175	14.717	0.91052
720	1.7656	-10.495	1.1096
721	24.041	32.984	1.5254
722	57.7	48.57	2.8202
723	38.321	86.301	3.4199
724	21.989	13.32	0.16526
725	21.974	13.306	0.16525
726	21.989	13.313	0.16525
727	21.982	13.32	0.16522
728	21.974	13.313	0.16523
729	21.982	13.306	0.16523
730	23.12	10.939	1.2144
731	154.73	-77.739	8.4907
732	155.46	13.691	7.0423
733	-8.5665	8.4151	1.6539
734	31.105	15.925	1.056
735	25.338	10.453	0.75108
736	-19.424	34.075	0.9584
737	39.111	31.534	1.7816
738	27.482	7.7583	1.6947
739	34.678	60.111	2.2963
740	32.949	-77.782	2.7831
741	45.457	30.47	1.8351
742	10.313	4.5194	0.40211
743	-52.491	13.7	1.1477
744	-54.929	-13.751	1.7545
745	30.716	-58.568	2.7364
746	10.499	37.924	1.3336
747	-49.316	20.287	1.8312
748	21.985	13.317	0.16522
749	21.978	13.309	0.16522
750	21.985	13.313	0.16523
751	21.982	13.317	0.16521
752	22.633	11.964	0.70764
753	29.044	-71.589	3.1653
754	26.398	14.815	1.3784
755	30.342	38.526	1.8455
756	33.099	16.089	1.3802
757	46.882	11.173	1.5353
758	-10.202	46.797	1.4996
759	19.377	-43.683	0.82416
760	12.406	19.381	0.71851
761	26.551	100.59	3.7708
762	38.289	-100.1	3.9533
763	21.921	30.912	0.37032
764	21.249	-58.903	1.4724
765	-22.121	12.513	0.33015
766	-68.439	-4.0826	2.9299
767	33.308	-103.06	3.6748
768	-36.396	9.1929	1.0943
769	-72.294	-37.401	2.9104
770	21.985	13.32	0.16523
771	21.978	13.313	0.16521
772	21.985	13.317	0.16522
773	21.982	13.32	0.16522
774	21.978	13.317	0.16521
775	21.982	13.313	0.16521
776	21.867	11.6	0.81406
777	-83.133	-29.472	2.9934
778	-97.411	14.973	3.0316
779	63.957	56.148	2.9913
780	33.285	15.017	1.2253
781	56.249	12.476	2.617
782	0.43313	20.266	1.2767
783	1.8573	-97.804	3.6746
784	-0.696	28.3	0.89518
785	15.798	98.233	4.4117
786	37.894	-96.904	2.8932
787	0.96805	24.552	1.1044
788	26.448	-86.226	3.106
789	39.322	11.658	1.4007
790	-72.475	10.271	2.8837
791	33.366	-92.959	3.0792
792	-58.68	-16.271	2.1863
793	-69.454	-40.668	3.4551
794	21.983	13.319	0.16522
795	21.98	13.315	0.16521
796	21.018	9.8411	1.5736
797	-139.78	33.775	6.1618
798	-166.2	14.769	7.4602
799	63.782	29.375	2.4327
800	28.582	13.704	0.33149
801	46.095	13.571	1.0692
802	11.214	-5.4307	1.2047
803	-5.3248	-109.71	4.3462
804	-3.957	30.921	0.5629
805	10.424	52.404	2.1464
806	31.909	-54.082	1.2316
807	-9.41	17.636	2.0952
808	29.032	-67.051	1.6381
809	86.074	11.148	2.8743
810	-56.751	25.274	1.4179
811	30.731	-20.526	1.6265
812	-65.27	-20.635	1.8368
813	-37.882	-26.745	0.55622
814	21.982	13.317	0.16521
815	21.978	13.313	0.16521
816	21.982	13.315	0.16521
817	21.98	13.317	0.16521
818	21.978	13.315	0.16521
819	21.98	13.313	0.16521
820	20.782	9.4268	1.4585
821	-176.8	78.849	9.9202
822	-141.52	13.938	5.1567
823	34.742	-11.084	1.3484
824	22.331	12.357	0.4341
825	13.525	13.74	1.6435
826	15.912	-25.862	2.0589
827	1.6407	-70.413	2.3022
828	7.4716	27.964	0.98454
829	11.568	-6.7067	1.0285
830	23.004	35.817	1.9729
831	-4.9466	14.102	1.254
832	18.797	-19.733	1.0032
833	98.071	12.312	2.8581
834	-16.71	33.49	1.4142
835	26.397	60.466	1.9864
836	-21.384	-20.977	0.6981
837	11.835	-1.8509	0.84316
838	21.981	13.316	0.16521
839	21.979	13.314	0.16521
840	21.981	13.315	0.16521
841	21.98	13.316	0.16521
842	21.979	13.315	0.16521
843	21.98	13.314	0.16521
844	20.922	7.6229	1.4254
845	-139.49	77.075	7.489
846	-102.09	12.92	3.6602
847	5.5891	-33.05	1.4276
848	19.56	11.758	1.4669
849	-22.121	13.026	0.19581
850	19.96	-25.073	1.0635
851	12.63	3.8021	1.9408
852	20.552	16.652	1.2668
853	19.504	-45.591	1.0746
854	14.621	112.47	3.961
855	15.291	18.356	1.9802
856	7.2657	30.714	1.7834
857	58.548	13.923	1.526
858	37.505	31.375	2.5604
859	21.94	94.894	2.9425
860	33.967	-14.424	0.74648
861	42.095	22.173	1.2548
862	21.98	13.315	0.16521
863	21.316	6.0739	0.80641
864	37.533	33.602	1.4399
865	-50.207	12.21	2.3693
866	-12.864	-49.434	2.5338
867	21.841	12.267	0.43408
868	-38.998	12.525	1.6458
869	21.623	-19.889	1.2845
870	28.906	69.391	2.7061
871	27.369	7.3742	1.4981
872	26.862	-74.881	2.4411
873	13.582	160.71	7.0527
874	34.174	25.161	1.905
875	-0.59536	55.721	1.8842
876	10.271	14.978	0.82175
877	68.854	21.666	3.197
878	18.499	104.64	3.6679
879	52.643	0.12588	2.4117
880	51.065	23.81	2.092
881	21.981	13.316	0.16521
882	21.98	13.315	0.16521
883	21.981	13.315	0.16521
884	21.98	13.316	0.16521
885	21.98	13.315	0.16521
886	21.98	13.315	0.16521
887	21.811	7.2227	1.5104
888	193.99	-7.7644	9.9285
889	42.997	11.978	1.8172
890	-6.7209	-15.893	0.85708
891	26.292	13.191	1.6146
892	-22.882	12.254	0.71271
893	13.938	-14.505	1.2345
894	40.275	97.3	4.5753
895	30.939	6.5991	1.2911
896	29.73	-82.405	2.9015
897	17.42	129.2	5.3851
898	42.155	28.639	1.6921
899	2.1098	58.352	1.3838
900	-27.752	14.769	0.79209
901	51.515	8.2219	1.399
902	18.218	53.393	0.98991
903	51.598	4.4337	1.9061
904	26.548	1.9559	1.1482
905	21.98	13.316	0.16521
906	21.98	13.315	0.16521
907	21.98	13.315	0.16521
908	21.98	13.316	0.16521
909	21.98	13.315	0.16521
910	21.98	13.315	0.16521
911	22.252	10.476	1.5686
912	241.28	-26.203	16.499
913	114.79	12.614	4.2311
914	13.361	22.787	1.8185
915	29.044	14.192	0.67265
916	0.1503	12.588	1.8959
917	7.0723	-9.4121	0.37842
918	40.099	22.457	0.80186
919	22.172	13.504	0.19232
920	27.595	-5.8258	0.76401
921	23.143	29.652	1.1425
922	43.566	27.686	0.98317
923	15.953	38.449	0.98158
924	-29.634	14.387	1.1174
925	32.315	0.5735	0.68915
926	19.252	-23.497	1.7973
927	26.535	0.42885	1.0159
928	-25.309	-26.735	0.35584
929	21.98	13.316	0.16521
930	21.98	13.315	0.16521
931	22.456	11.888	0.69244
932	152.24	-23.609	7.0013
933	142.13	13.437	5.3726
934	29.395	52.158	2.1935
935	28.71	14.796	0.79998
936	13.754	13.261	1.4649
937	-1.5005	-0.99464	0.94726
938	33.97	-48.534	1.0688
939	14.331	19.609	1.1992
940	23.43	66.177	2.1079
941	27.786	-75.778	1.7593
942	37.837	23.391	2.1617
943	27.668	0.53866	1.9541
944	-16.012	13.253	0.15536
945	10.272	-3.0963	0.64483
946	22.685	-87.027	3.2321
947	-19.36	-8.7852	0.24261
948	-56.114	-41.028	2.8795
949	8.5408	13.217	0.42981
950	4.3148	-11.387	0.96108
951	75.692	14.382	3.1876
952	23.579	60.057	2.0397
953	24.11	15.101	1.3651
954	11.29	13.856	1.3502
955	-11.58	4.3144	1.5875
956	15.079	-53.784	2.5444
957	10.302	22.549	0.53245
958	12.286	98.755	2.7508
959	28.146	-149.03	6.8882
960	18.084	19.212	0.79587
961	27.861	-25.545	2.004
962	-3.8963	12.244	0.51674
963	-25.993	1.9678	1.0536
964	22.209	-96.633	4.1483
965	-59.119	-15.857	2.118
966	-75.556	-31.709	3.576
967	-16.012	13.253	0.15529
968	-8.4647	11.328	0.96099
969	-128.36	9.5406	5.9478
970	-31.248	14.845	1.7708
971	-0.77593	37.547	1.2431
972	14.951	14.213	0.51689
973	-11.884	14.12	1.7427
974	-23.369	0.17444	1.3267
975	-4.4154	-11.718	0.91672
976	-2.9686	19.687	1.3103
977	-8.0304	99.706	3.5334
978	23.014	-129.9	4.9697
979	-7.2213	18.914	0.69385
980	9.1062	-23.366	0.50562
981	5.9197	12.066	1.6314
982	-56.677	9.2948	0.87406
983	14.627	-82.935	2.5374
984	-85.991	-7.9541	3.1744
985	-53.988	-19.325	2.2024
986	-16.012	13.253	0.15521
987	-18.024	7.6696	0.65343
988	-188.96	23.596	10.566
989	-108.39	14.843	3.9901
990	-26.255	0.19838	0.74279
991	4.1163	12.836	0.5177
992	-34.72	13.737	0.40255
993	-31.055	-0.36161	0.33587
994	-12.474	44.954	0.61611
995	-17.216	14.163	1.0718
996	-15.885	50.536	1.3237
997	1.9739	-31.58	0.88037
998	-18.666	19.061	0.57561
999	-16.685	-6.2124	0.90336
1000	5.1315	12.409	1.3689
1001	-68.278	20.287	2.4064
1002	0.35906	-49.419	2.4776
1003	-87.681	7.6199	2.3361
1004	-7.1965	-10.399	0.74676
1005	-16.011	13.254	0.15506
1006	-23.236	6.6593	1.1449
1007	-101.31	28.437	3.5486
1008	-101.52	13.94	4.1237
1009	-36.974	-30.402	2.2316
1010	-4.1949	11.927	0.7691
1011	-40.642	13.145	0.4841
1012	-29.76	-0.037214	1.3062
1013	-19.946	94.148	3.6929
1014	-24.377	8.8831	0.44081
1015	-13.827	-1.2198	0.84966
1016	-11.408	84.226	3.2029
1017	-10.186	21.389	0.53603
1018	-26.705	14.397	1.229
1019	-0.18205	13.033	2.0046
1020	-41.747	25.252	1.9318
1021	-4.1037	-11.716	0.79985
1022	-51.436	17.03	1.3968
1023	32.439	0.8748	0.83898
1024	-16.011	13.255	0.15475
1025	-17.525	7.1782	1.0031
1026	6.1901	11.32	1.1912
1027	-27.062	13.144	0.87864
1028	-38.69	-39.061	2.1907
1029	-6.4669	11.32	1.1898
1030	-33.563	12.631	0.84148
1031	-24.795	-6.7259	1.1239
1032	-24.988	97.307	2.5804
1033	-22.348	5.7729	0.58081
1034	3.1111	-42.425	1.6056
1035	-11.926	157.47	7.3788
1036	10.086	26.141	1.9332
1037	-20.363	29.979	1.3686
1038	-10.021	13.705	0.27342
1039	-6.3885	19.586	0.82363
1040	-0.27804	25.433	0.53852
1041	-2.2822	18.503	1.6543
1042	36.353	11.345	1.3999
1043	-16.009	13.256	0.15414
1044	-8.2424	9.4738	1.3859
1045	98.004	-11.119	3.4251
1046	48.517	12.753	1.4668
1047	-18.873	-32.391	1.9629
1048	-1.0812	11.407	1.1316
1049	-21.342	12.403	0.52
1050	-19.388	-6.3714	1.2806
1051	-26.721	76.024	2.6067
1052	-17.899	6.5718	1.1289
1053	17.859	-41.44	1.7919
1054	2.1385	172.89	7.9557
1055	28.959	28.195	1.7685
1056	-8.5632	36.528	1.8515
1057	-21.405	14.046	0.43584
1058	18.658	13.046	2.0917
1059	0.2345	52.695	0.81351
1060	35.242	6.987	1.4979
1061	-0.0024199	21.342	1.9296
1062	-16.005	13.26	0.15293
1063	0.22364	9.8081	0.24912
1064	125.02	-26.064	4.349
1065	88.773	12.714	3.637
1066	3.1818	-9.4619	1.9423
1067	3.4442	13.074	0.10659
1068	-8.0115	12.668	0.91608
1069	-12.73	-12.784	1.9957
1070	-21.378	47.781	1.0987
1071	5.7829	10.322	0.5723
1072	27.584	3.9867	0.46294
1073	12.91	132.33	4.6847
1074	33.93	24.483	1.4647
1075	1.6144	32.683	1.2487
1076	-26.864	13.904	1.0825
1077	29.115	7.4454	1.5758
1078	-2.0275	57.588	1.3923
1079	38.252	-3.9094	2.1606
1080	-37.212	25.081	1.1138
1081	8.837	11.304	0.93581
1082	98.264	-21.346	3.0041
1083	76.002	12.89	3.2698
1084	22.701	19.029	1.697
1085	7.4617	14.554	1.3144
1086	-0.55727	13.206	1.8892
1087	-3.83	-14.926	0.72962
1088	-11.876	7.9445	0.44479
1089	31.111	14.58	1.8996
1090	29.351	50.296	1.5945
1091	20.164	-3.1914	1.2648
1092	31.867	18.719	0.63578
1093	13.875	12.125	1.2557
1094	-25.915	13.288	1.9207
1095	11.597	7.1662	0.84981
1096	-3.0164	43.662	2.3288
1097	18.766	-9.9134	0.3678
1098	-59.111	23.325	1.4177
1099	3.4589	13.089	0.1094
1100	3.4296	13.059	0.10411
1101	15.421	12.97	0.173
1102	61.082	-3.1969	1.8218
1103	37.464	13.329	2.3679
1104	26.21	41.983	1.6872
1105	9.3137	14.962	0.67619
1106	1.1525	13.594	1.4456
1107	2.0781	-17.45	1.5506
1108	2.0754	-24.899	1.3115
1109	39.151	17.806	1.3438
1110	18.51	70.93	1.4062
1111	24.698	-116.91	4.0698
1112	19.286	18.78	0.49571
1113	19.292	-8.1867	0.31439
1114	-20.772	12.626	0.84523
1115	-18.546	11.992	1.6809
1116	-0.25269	24.664	0.99624
1117	-19.154	-10.632	0.80549
1118	-60.494	14.556	1.5191
1119	3.4442	13.074	0.10659
1120	3.4149	13.045	0.10194
1121	17.417	14.468	1.2233
1122	-4.2914	16.972	1.4217
1123	-13.901	13.816	1.3164
1124	15.613	46.946	1.4052
1125	7.7118	14.842	1.138
1126	-7.7258	13.623	1.1864
1127	6.0691	-7.9146	0.26919
1128	14.884	-52.215	2.2213
1129	37.1	17.955	0.60582
1130	8.3396	67.311	1.7344
1131	26.806	-169.06	8.4252
1132	5.2532	17.032	0.63338
1133	20.088	-19.458	1.0748
1134	-3.8797	12.151	0.5428
1135	-35.434	18.893	1.852
1136	3.3591	3.4537	0.25866
1137	-47.202	-6.7884	1.6559
1138	-42.306	2.6964	1.4146
1139	3.4442	13.074	0.10659
1140	3.3857	13.015	0.098571
1141	13.472	14.703	1.4476
1142	-60.482	23.477	1.6115
1143	-49.894	14.193	2.4356
1144	4.0239	37.212	1.5923
1145	5.409	13.947	1.6372
1146	-15.192	13.282	0.23251
1147	8.7734	0.52373	1.7607
1148	12.759	-50.867	1.844
1149	22.388	14.772	0.69765
1150	2.5798	23.309	0.53238
1151	22.626	-133.7	6.368
1152	-7.0781	20.853	1.5215
1153	13.42	-12.321	1.5801
1154	14.009	12.166	1.1734
1155	-42.658	23.088	1.7869
1156	6.5656	-13.926	1.9351
1157	-48.698	-0.93546	1.5907
1158	2.3368	-20.253	0.97717
1159	3.4442	13.074	0.10659
1160	3.3271	12.957	0.095681
1161	7.649	13.9	1.2501
1162	-82.469	15.908	2.587
1163	-46.803	14.324	0.8754
1164	-6.7261	6.1753	1.3271
1165	1.7112	12.333	0.93214
1166	-20.386	12.95	1.179
1167	5.1535	0.72566	0.63482
1168	4.9923	-33	1.3408
1169	1.1563	11.075	1.0218
1170	0.50189	-20.871	1.6191
1171	18.417	-16.27	0.7085
1172	-9.6674	23.902	0.80866
1173	6.0189	4.6705	1.9673
1174	20.497	12.347	1.0842
1175	-30.474	21.548	1.8721
1176	8.2674	-14.573	0.81411
1177	-34.002	8.8212	2.1574
1178	29.508	-32.054	1.2166
1179	3.4442	13.074	0.10659
1180	3.2099	12.84	0.1052
1181	3.4442	12.957	0.12321
1182	3.3271	13.074	0.078551
1183	4.4207	12.62	0.79246
1184	-44.92	3.0594	1.8373
1185	-21.316	14.196	0.52553
1186	-12.949	-20.574	1.5181
1187	-0.94071	11.366	1.1399
1188	-13.766	12.703	1.4159
1189	-7.3431	-1.3305	0.72584
1190	-5.3625	6.0405	1.2747
1191	-12.171	9.1424	0.15035
1192	0.51639	-43.825	0.68871
1193	9.5879	111.81	3.2938
1194	1.3234	23.579	1.279
1195	2.1929	20.504	0.90011
1196	20.119	13.061	1.4355
1197	-10.999	14.532	1.0854
1198	7.0887	0.95278	0.47143
1199	-15.291	13.202	0.19131
1200	45.124	-20.941	1.877
1201	3.4442	13.191	0.096429
1202	3.2099	12.957	0.08118
1203	3.4442	13.074	0.10659
1204	3.3271	13.191	0.068064
1205	2.8252	11.806	0.58618
1206	6.572	-12.3	1.7647
1207	4.5652	13.907	0.91903
1208	-4.5972	-30.585	1.1317
1209	-0.71496	11.398	1.1867
1210	-9.7314	12.771	0.18433
1211	-17.061	1.7452	1.1451
1212	-15.3	42.81	1.896
1213	-16.455	8.0681	1.6985
1214	7.7424	-58.855	1.9604
1215	0.8617	172.99	9.1205
1216	18.62	23.905	1.5867
1217	1.4061	20.971	1.215
1218	-1.4411	13.801	1.1704
1219	8.2537	8.5466	1.4134
1220	2.4591	18.299	1.8079
1221	7.6771	17.083	0.93218
1222	24.525	-0.65877	0.41683
1223	3.5614	13.425	0.13722
1224	3.0927	12.957	0.0799
1225	3.5614	13.191	0.13783
1226	3.3271	13.425	0.067279
1227	6.1847	11.387	1.2374
1228	51.023	-20.406	1.9641
1229	15.783	13.641	0.13589
1230	7.0199	-35.938	0.62322
1231	0.87486	12.355	1.5333
1232	-1.9565	13.073	0.67357
1233	-19.603	0.16584	0.37176
1234	-17.186	66.157	2.0812
1235	-15.396	9.5398	1.9339
1236	18.667	-36.1	0.50484
1237	3.2143	153.06	7.0122
1238	32.691	21.338	1.6185
1239	4.5032	10.589	1.1075
1240	-22.432	14.212	0.4428
1241	22.979	4.7835	0.60328
1242	-0.78305	27.421	0.58016
1243	19.435	18.37	0.41872
1244	-8.6706	8.4091	1.7243
1245	3.7958	13.894	0.32095
1246	2.8583	12.957	0.11688
1247	3.7958	13.425	0.25699
1248	3.3271	13.894	0.14573
1249	2.8583	13.425	0.08921
1250	3.3271	12.957	0.095681
1251	12.201	11.366	1.2393
1252	45.102	-13.914	1.9562
1253	19.617	13.375	1.8606
1254	14.865	-19.767	1.2587
1255	3.2894	14.003	0.17291
1256	4.0389	13.352	0.42504
1257	-17.13	-5.333	0.96027
1258	-12.051	63.024	1.3028
1259	-8.8514	12.324	0.42089
1260	24.882	28.028	0.8028
1261	8.0066	44.493	1.6628
1262	32.975	20.741	1.3853
1263	9.8445	-5.4273	0.33083
1264	-28.662	13.886	0.39866
1265	27.466	4.787	0.52363
1266	-0.71863	24.592	1.0682
1267	9.9076	15.993	1.3611
1268	-38.259	1.9652	1.2143
1269	3.5614	13.66	0.16159
1270	3.0927	13.191	0.05181
1271	16.58	11.859	0.77787
1272	11.344	5.5325	1.285
1273	21.104	13.085	0.5319
1274	14.553	8.5928	1.4669
1275	5.3359	15.092	1.25
1276	2.546	13.302	0.21818
1277	-7.6604	-7.954	0.87837
1278	-5.7463	28.265	0.84654
1279	-0.13131	13.814	1.9813
1280	20.756	73.754	2.3652
1281	15.969	-59.823	1.8521
1282	25.1	22.719	2.223
1283	13.374	-10.63	0.84386
1284	-19.935	13.306	1.6099
1285	18.24	5.6468	1.6314
1286	1.055	13.733	1.5206
1287	-2.6004	11.966	0.54852
1288	-57.866	-1.985	1.7965
1289	3.3271	13.425	0.067279
1290	2.8583	12.957	0.11688
1291	3.3271	13.191	0.068064
1292	3.0927	13.425	0.050987
1293	19.204	13.121	2.0631
1294	-22.527	17.31	2.0163
1295	16.924	12.958	0.77803
1296	5.7444	33.105	1.4134
1297	6.4846	15.226	1.2909
1298	-2.6329	13.094	0.18321
1299	-0.81021	-9.6214	0.42514
1300	0.43113	-12.318	1.724
1301	4.7947	13.041	1.1288
1302	16.531	78.077	2.7479
1303	21.511	-142.89	6.9957
1304	11.579	21.929	1.6931
1305	14.413	-3.8587	0.80591
1306	-4.9412	12.795	1.2579
1307	-6.0473	12.984	1.9949
1308	3.0503	0.55588	1.9223
1309	-17.485	9.559	0.91759
1310	-39.201	-0.27462	1.3162
1311	3.3271	13.66	0.093393
1312	2.8583	13.191	0.08994
1313	3.3271	13.425	0.067279
1314	3.0927	13.66	0.077499
1315	2.8583	13.425	0.08921
1316	3.0927	13.191	0.05181
1317	19.55	14.306	1.7357
1318	-38.93	12.552	1.7029
1319	11.98	13.171	1.907
1320	-4.1993	42.726	1.6367
1321	5.7762	13.909	1.8583
1322	-4.5695	13.045	0.90822
1323	1.253	-3.125	1.1892
1324	2.6299	-35.483	2.1876
1325	7.5169	11.854	1.2158
1326	10.962	48.421	1.5839
1327	21.625	-137.17	4.9596
1328	1.4035	24.246	1.1698
1329	14.989	3.8978	0.36298
1330	10.208	12.745	0.4173
1331	-28.26	20.202	1.1544
1332	4.8601	-5.5677	1.1167
1333	-24.293	9.4915	0.56238
1334	-13.649	-2.6091	1.1752
1335	3.2099	13.543	0.062157
1336	2.9755	13.308	0.060356
1337	3.2099	13.425	0.052303
1338	3.0927	13.543	0.060852
1339	2.9755	13.425	0.063347
1340	3.0927	13.308	0.047968
1341	12.252	14.415	1.7732
1342	-40.016	0.65618	2.0075
1343	6.9569	13.431	1.8367
1344	-8.6761	40.811	0.82369
1345	3.9826	12.362	0.52515
1346	-3.1476	13.006	0.070761
1347	3.1325	-0.59381	1.9156
1348	0.26661	-34.639	0.52597
1349	5.2132	9.8709	0.66288
1350	6.3744	17.793	0.093571
1351	15.789	-4.6089	0.077789
1352	-2.8429	22.246	0.17024
1353	12.968	5.6349	1.6623
1354	18.409	12.797	1.9672
1355	-38.238	25.645	0.88232
1356	5.6525	1.5456	0.63717
1357	-25.038	11.096	1.1797
1358	11.635	-2.8579	1.2955
1359	3.2099	13.425	0.052303
1360	2.9755	13.191	0.064139
1361	3.2099	13.308	0.049287
1362	3.0927	13.425	0.050987
1363	2.9755	13.308	0.060356
1364	3.0927	13.191	0.05181
1365	4.2486	14.024	0.65941
1366	-17.89	-9.7761	0.64021
1367	4.8694	13.723	1.2033
1368	-9.0358	22.233	0.21877
1369	1.7884	11.466	0.97952
1370	-1.3812	13.009	1.2264
1371	-1.5074	-1.5967	0.97411
1372	-4.9813	-11.538	1.1192
1373	-0.10536	8.7265	0.030882
1374	0.90951	-9.7721	0.52666
1375	7.9987	115.65	4.5031
1376	-5.913	19.532	0.80545
1377	10.93	3.5819	0.9794
1378	16.924	13.026	0.77481
1379	-39.927	23.258	1.0817
1380	4.3744	12.024	0.84071
1381	-8.3792	13.957	0.61354
1382	23.038	-4.3325	0.63853
1383	-2.7551	11.561	0.74319
1384	8.4865	-13.927	0.52738
1385	1.0582	12.322	1.4095
1386	-8.0212	2.8852	0.94289
1387	-0.093821	11.069	1.0037
1388	-0.47273	12.437	1.7578
1389	-10.276	-0.54561	1.6371
1390	-8.0125	19.559	1.1594
1391	-4.8083	7.7146	0.95591
1392	-3.8836	-26.941	1.9076
1393	2.043	139.26	5.6372
1394	-6.365	13.555	2.04
1395	8.0496	-2.6045	0.96589
1396	7.8776	11.795	1.0392
1397	-32.371	18.057	0.77785
1398	1.9341	18.245	1.4198
1399	4.2136	15.228	0.95454
1400	12.661	-3.9927	1.9896
1401	0.011831	8.8437	0.020065
1402	0.51224	9.3739	0.20179
1403	29.32	-10.517	1.4459
1404	0.17093	11.28	1.1522
1405	-5.5124	-7.061	0.82149
1406	-1.5602	10.6	1.025
1407	0.16183	10.725	0.76515
1408	-18.812	-1.7067	0.73344
1409	-10.466	39.985	0.92204
1410	-4.9769	7.7451	0.84026
1411	-3.119	-19.387	1.5118
1412	-3.3991	98.755	4.171
1413	-4.2144	10.787	1.1409
1414	7.4458	-4.3586	1.4148
1415	-8.9778	10.41	1.4741
1416	-4.0537	10.799	1.1655
1417	-0.45944	20.056	1.1404
1418	6.3187	14.916	1.4986
1419	-3.2796	-1.2789	1.6154
1420	0.12902	8.9609	0.02979
1421	-0.10536	8.7265	0.030882
1422	0.12902	8.8437	0.028306
1423	0.011831	8.9609	0.021556
1424	-0.10536	8.8437	0.02554
1425	0.011831	8.7265	0.025439
1426	4.9875	7.4423	0.87803
1427	35.783	-1.4182	1.5026
1428	6.2677	10.761	0.79616
1429	-1.7256	0.0084511	1.1549
1430	-1.1078	9.887	0.68548
1431	-0.8136	9.3821	0.37715
1432	-17.974	-9.3836	0.50184
1433	-9.8765	54.082	2.5261
1434	-3.1245	8.6896	2.0116
1435	-1.7817	17.852	1.2895
1436	-0.68746	38.11	1.5502
1437	-1.0713	11.738	1.2415
1438	7.6664	-3.821	1.1871
1439	-22.363	9.8145	1.8871
1440	19.922	5.6841	1.4127
1441	-1.4999	13.865	1.1144
1442	4.2203	12.807	0.6048
1443	-26.601	-6.1193	1.2246
1444	0.070425	8.9023	0.022361
1445	-0.046762	8.7851	0.022916
1446	0.070425	8.8437	0.022474
1447	0.011831	8.9023	0.019951
1448	12.458	6.758	0.98438
1449	17.334	4.5985	1.1357
1450	10.591	10.151	1.3002
1451	-1.5585	16.907	1.062
1452	1.3918	9.7734	0.88022
1453	-2.6113	9.2426	1.8584
1454	-10.53	-14.483	0.77261
1455	-6.2864	40.618	2.324
1456	-0.26427	9.5929	0.17592
1457	1.9791	46.272	1.6411
1458	3.6192	-45.604	2.1221
1459	1.6584	14.338	0.98593
1460	8.0911	-1.8707	1.0749
1461	-21.73	9.8892	1.8755
1462	15.462	6.7802	1.1506
1463	-0.68309	5.9038	1.4061
1464	-8.7603	9.3138	1.7924
1465	-41.831	-15.697	1.5558
1466	0.070425	8.9609	0.023963
1467	-0.046762	8.8437	0.021088
1468	0.070425	8.9023	0.022361
1469	0.011831	8.9609	0.021556
1470	-0.046762	8.9023	0.020975
1471	0.011831	8.8437	0.020065
1472	14.163	7.9886	1.0867
1473	-6.3729	7.4075	0.52423
1474	13.533	10.722	0.92194
1475	-2.2471	31.012	0.61704
1476	4.1993	9.7205	1.4358
1477	-3.5064	10.841	1.207
1478	-4.8585	-15.737	1.0487
1479	-2.6907	13.466	0.15135
1480	2.3966	10.14	1.4916
1481	5.3223	66.553	2.686
1482	9.2722	-79.284	3.4666
1483	2.9772	16.235	1.5276
1484	7.9583	3.0622	0.95988
1485	-16.38	11.153	1.0728
1486	3.4171	9.6382	1.8554
1487	0.9529	-1.5731	0.74448
1488	-21.522	6.9251	1.2913
1489	-44.988	-16.316	1.2967
1490	0.041128	8.9316	0.021315
1491	-0.017465	8.873	0.019876
1492	10.968	9.9149	1.0749
1493	-25.943	10.088	0.73867
1494	12.601	12.095	1.719
1495	-5.5273	35.054	0.63031
1496	6.196	10.066	0.36621
1497	-4.0082	12.152	0.60504
1498	-2.4805	-5.6343	0.48408
1499	0.90942	-11.733	1.2977
1500	3.6752	9.9927	1.6388
1501	7.9518	59.726	1.8903
1502	13.364	-96.184	3.0422
1503	2.2323	17.656	1.6915
1504	7.9704	5.0004	0.91487
1505	-10.629	11.498	0.96351
1506	-12.359	12.355	1.8318
1507	2.4974	-5.5833	0.45594
1508	-23.666	6.5928	1.1561
1509	-26.346	-11.357	1.2673
1510	0.011831	8.9023	0.019951
1511	-0.046762	8.8437	0.021088
1512	0.011831	8.873	0.019793
1513	9.6204	12.919	0.12475
1514	-28.702	11.539	0.96541
1515	11.149	11.934	1.1509
1516	-9.5336	32.136	0.54188
1517	6.988	11.37	1.185
1518	-2.8037	13.333	0.10296
1519	-4.283	5.1163	0.64115
1520	4.03	-22.737	0.54525
1521	4.6478	9.289	1.0889
1522	9.6327	28.038	1.7679
1523	15.372	-51.653	2.0901
1524	0.91308	16.991	0.55175
1525	9.4659	1.9806	1.1927
1526	-3.475	11.648	0.68422
1527	-26.491	14.77	1.3404
1528	3.6484	-2.6677	0.7338
1529	-17.318	10.44	1.0843
1530	-3.3904	-2.9037	0.55531
1531	0.041128	8.9023	0.020727
1532	-0.017465	8.8437	0.020147
1533	0.041128	8.873	0.020569
1534	0.011831	8.9023	0.019951
1535	-0.017465	8.873	0.019876
1536	0.011831	8.8437	0.020065
1537	4.0939	14.298	0.60633
1538	-16.432	11.143	1.0795
1539	7.5422	11.059	1.0344
1540	-9.3948	22.277	0.14756
1541	5.4242	12.273	1.5244
1542	-0.96814	13.629	1.6008
1543	-6.706	13.911	1.8953
1544	5.3422	-13.916	1.5944
1545	3.504	8.5211	1.9253
1546	10.486	-7.4859	1.309
1547	12.181	16.398	0.5812
1548	-1.5207	14.753	1.0817
1549	10.181	0.96652	1.5901
1550	1.6407	11.023	1.0352
1551	-33.206	16.319	1.4546
1552	3.6232	2.2606	0.98001
1553	-8.8523	14.507	0.50695
1554	13.613	-3.0692	1.3311
1555	0.02648	8.8877	0.020099
1556	-0.002817	8.8584	0.019809
1557	0.02648	8.873	0.020074
1558	0.011831	8.8877	0.019819
1559	-0.002817	8.873	0.019727
1560	-1.5779	12.45	1.0336
1561	1.6182	9.5241	1.066
1562	4.1256	9.4784	1.5325
1563	-8.8183	10.992	1.1162
1564	3.4773	12.895	0.14444
1565	0.64137	11.778	1.4009
1566	-10.557	14.443	0.78059
1567	2.5453	8.4053	1.7994
1568	0.06325	7.9985	0.20806
1569	6.9812	-29.013	1.2953
1570	8.0305	71.038	2.4532
1571	-3.9025	14.399	0.52895
1572	13.263	-0.7862	0.39259
1573	4.8651	10.546	0.97496
1574	-26.317	15.92	1.139
1575	1.9612	8.3329	1.3702
1576	0.0405	16.997	0.21929
1577	19.085	-3.5443	1.8768
1578	0.011831	8.8877	0.019819
1579	-0.017465	8.8584	0.019958
1580	0.011831	8.873	0.019793
1581	-0.002817	8.8877	0.019753
1582	-0.017465	8.873	0.019876
1583	-0.002817	8.8584	0.019809
1584	-4.4601	9.6435	1.2429
1585	16.54	6.861	1.1735
1586	3.4657	8.8008	1.9686
1587	-6.7494	4.2007	1.896
1588	1.0105	13.479	1.5742
1589	1.1142	9.5498	0.62992
1590	-10.605	11.738	0.89844
1591	-1.1366	30.217	1.5698
1592	-3.0149	8.0502	1.8423
1593	2.9176	-14.706	0.50841
1594	6.3606	81.939	2.5105
1595	-4.9481	16.002	0.99679
1596	16.39	-0.40837	1.8114
1597	2.4887	9.6608	1.7029
1598	-12.162	13.082	1.9852
1599	0.74101	12.414	1.6275
1600	2.0244	15.714	1.1133
1601	13.476	-6.8169	0.99088
1602	0.0045073	8.8804	0.019733
1603	-0.010141	8.8657	0.019802
1604	0.0045073	8.873	0.019733
1605	-0.002817	8.8804	0.019726
1606	-2.9414	8.0759	1.8422
1607	25.841	4.5815	1.9279
1608	7.4037	9.97	0.72509
1609	-4.4241	6.6171	1.0063
1610	-1.107	13.424	1.4917
1611	0.50096	9.1446	0.1585
1612	-7.7376	2.8914	1.07
1613	-4.4248	45.224	1.7562
1614	-3.2036	8.3313	1.9423
1615	-0.078956	23.187	1.9049
1616	6.0763	59.188	2.4045
1617	-4.2006	17.183	1.5261
1618	14.144	0.16206	1.0572
1619	-7.9469	8.6308	1.1257
1620	2.8091	9.7868	1.7857
1621	-0.35807	13.41	1.98
1622	2.005	13.565	0.63218
1623	-7.3317	-12.335	1.4323
1624	0.0045073	8.8877	0.019759
1625	-0.010141	8.873	0.019775
1626	0.0045073	8.8804	0.019733
1627	-0.002817	8.8877	0.019753
1628	-0.010141	8.8804	0.019774
1629	-0.002817	8.873	0.019727
1630	0.73125	8.512	0.29974
1631	18.855	4.3171	2.0896
1632	9.2504	12.067	0.43975
1633	-1.9406	13.092	0.68745
1634	-1.3308	12.473	1.2348
1635	-0.58521	9.0831	0.19522
1636	-4.5267	-15.15	1.0109
1637	-5.1998	44.499	1.034
1638	-2.2219	8.8113	1.6259
1639	0.21253	48.653	2.5576
1640	3.8416	26.796	1.9444
1641	-2.4453	18.131	1.8263
1642	10.197	0.7712	1.6387
1643	-18.577	9.8914	0.38105
1644	4.9325	8.2459	0.82669
1645	-0.77224	12.88	1.7222
1646	-5.6307	10.714	0.81877
1647	-29.26	-13.054	0.7143
1648	0.00084515	8.884	0.019733
1649	-0.0064791	8.8767	0.01974
1650	0.00084515	8.8804	0.019723
1651	6.9632	10.227	0.58475
1652	1.1981	6.9697	0.93448
1653	8.2428	14.045	0.73488
1654	-2.1418	20.438	0.93847
1655	-0.83031	11.831	1.3658
1656	-2.1376	10.051	1.3912
1657	-6.6969	-29.725	1.7481
1658	-2.6771	26.56	2.0701
1659	-0.014271	9.2862	0.06148
1660	2.3109	43.559	2.0265
1661	2.3409	-5.2712	0.42816
1662	-0.94984	17.469	0.50798
1663	4.3573	2.1166	1.0316
1664	-23.712	10.912	1.1498
1665	2.3563	7.2447	1.2966
1666	-0.22935	8.0557	0.20541
1667	-13.298	8.0919	0.4306
1668	-37.72	-19.199	0.91548
1669	0.0045073	8.884	0.019742
1670	-0.002817	8.8767	0.019723
1671	0.0045073	8.8804	0.019733
1672	0.00084515	8.884	0.019733
1673	-0.002817	8.8804	0.019726
1674	0.00084515	8.8767	0.01972
1675	9.6756	12.359	0.31191
1676	-17.527	10.013	0.93024
1677	9.37	15.114	0.7758
1678	-2.1292	23.39	0.7809
1679	1.2627	10.425	0.887
1680	-3.4742	11.353	0.87208
1681	-10.026	-23.121	0.49778
1682	0.38229	4.3861	1.9319
1683	1.9403	9.4101	1.3597
1684	4.2742	20.465	0.97023
1685	3.7871	-27.203	1.9287
1686	0.49347	17.622	0.20189
1687	2.7893	1.2541	1.5954
1688	-19.822	12.003	1.4675
1689	-7.3468	8.7325	0.54967
1690	0.28611	4.1016	1.9358
1691	-19.303	6.1795	1.4049
1692	-39.132	-17.602	1.3241
1693	0.0045073	8.8804	0.019733
1694	-0.002817	8.873	0.019727
1695	0.0045073	8.8767	0.01973
1696	0.00084515	8.8804	0.019723
1697	-0.002817	8.8767	0.019723
1698	0.00084515	8.873	0.019724
1699	11.568	13.56	1.6141
1700	-21.806	11.326	0.99937
1701	10.239	14.253	0.53193
1702	-1.5694	21.08	1.1127
1703	3.1128	8.9755	2.0201
1704	-4.4597	12.131	0.87612
1705	-10.202	-8.7802	1.756
1706	1.7252	-12.331	0.92167
1707	2.4245	9.2512	1.7516
1708	6.7505	-1.6166	0.64173
1709	6.148	-29.192	1.4403
1710	0.54375	18.662	0.39544
1711	7.3365	1.7681	0.85838
1712	-12.129	12.794	1.9195
1713	-17.436	13.417	1.2774
1714	0.50378	3.5228	1.7001
1715	-15.368	5.186	0.25025
1716	-33.795	-16.434	1.7762
1717	0.0026762	8.8785	0.019724
1718	-0.0009859	8.8749	0.019721
1719	0.0026762	8.8767	0.019723
1720	0.00084515	8.8785	0.019721
1721	-0.0009859	8.8767	0.01972
1722	0.00084515	8.8749	0.019721
1723	8.9156	14.172	0.34778
1724	-13.317	9.4776	0.39866
1725	10.73	11.328	1.0201
1726	-1.0201	16.866	0.65173
1727	3.9635	8.1243	1.605
1728	-4.7589	11.54	1.053
1729	-7.0146	11.03	1.0019
1730	1.6519	-23.325	1.0795
1731	1.4385	8.9322	0.88866
1732	7.7538	-17.252	0.99606
1733	10.644	-25.92	1.4945
1734	0.05349	19.098	0.50084
1735	14.793	2.2672	1.0363
1736	-0.782	12.278	1.5603
1737	-25.468	17.629	0.3003
1738	0.40095	6.1387	1.3438
1739	-7.9383	8.1135	1.1042
1740	-23.266	-16.546	1.3924
1741	0.0017607	8.8776	0.019721
1742	-7.0377e-05	8.8758	0.01972
1743	5.6947	13.471	1.881
1744	-0.281	7.5589	0.44628
1745	12.484	8.7075	0.069214
1746	-3.459	14.04	0.21995
1747	3.4977	7.645	1.6168
1748	-3.5126	11.094	1.0423
1749	-2.6455	13.765	0.21123
1750	0.92894	-13.878	1.6024
1751	-0.39182	8.6466	0.1077
1752	6.5508	-19.951	1.0819
1753	11.048	-15.176	1.1017
1754	-1.4917	17.851	1.0013
1755	15.399	4.3016	0.11588
1756	6.137	12.055	1.6604
1757	-30.142	20.173	1.3659
1758	0.13002	9.4961	0.1219
1759	0.35656	11.959	1.5666
1760	-7.0796	-10.011	0.54821
1761	0.00084515	8.8767	0.01972
1762	-0.0009859	8.8749	0.019721
1763	0.00084515	8.8758	0.01972
1764	-7.0377e-05	8.8767	0.01972
1765	3.162	10.811	1.2395
1766	5.1193	6.174	1.1506
1767	12.354	6.4662	1.1851
1768	-6.4761	13.172	2.0293
1769	2.2968	7.9344	1.5363
1770	-1.8455	10.219	1.1863
1771	1.6242	15.878	1.0759
1772	-1.296	15.278	1.1106
1773	-1.7797	8.4664	1.2171
1774	2.3026	0.1992	1.6629
1775	10.078	2.4887	0.87777
1776	-2.6268	15.481	1.0191
1777	14.6	7.8144	1.3931
1778	10.608	11.659	0.91831
1779	-21.931	21.542	0.34888
1780	-0.16118	12.417	1.8275
1781	0.35017	14.249	1.7982
1782	9.6973	-3.727	0.18465
1783	0.00084515	8.8776	0.01972
1784	-0.0009859	8.8758	0.01972
1785	0.00084515	8.8767	0.01972
1786	-7.0377e-05	8.8776	0.01972
1787	-0.0009859	8.8767	0.01972
1788	-7.0377e-05	8.8758	0.01972
1789	2.2541	8.3243	1.6009
1790	-0.8424	6.507	1.0847
1791	8.2548	5.3159	0.7059
1792	-7.2703	12.359	1.4779
1793	1.2948	8.3749	0.763
1794	-0.86817	8.7886	0.3748
1795	4.5424	16.928	1.2168
1796	-3.6933	37.862	1.3029
1797	-2.1147	8.5955	1.5262
1798	-1.8656	29.858	1.0383
1799	5.803	15.834	0.89401
1800	-2.4808	12.923	0.28605
1801	13.809	10.504	0.9418
1802	3.6343	11.417	0.84425
1803	-15.256	17.478	2.0149
1804	-0.38052	12.955	1.9382
1805	-1.0226	14.227	1.4704
1806	22.664	3.0807	0.68414
1807	0.00038739	8.8771	0.01972
1808	-0.00052814	8.8762	0.01972
1809	0.00038739	8.8767	0.01972
1810	-7.0377e-05	8.8771	0.01972
1811	-0.00052814	8.8767	0.01972
1812	-7.0377e-05	8.8762	0.01972
1813	2.3148	6.6302	0.99598
1814	-9.666	7.8095	1.7418
1815	1.9445	5.0642	0.67698
1816	-8.4763	15.819	1.1909
1817	0.44862	10.289	0.53392
1818	-0.25144	8.5573	0.075781
1819	3.9935	14.421	0.58427
1820	-3.8594	45.103	2.1815
1821	-1.3629	8.9243	0.81409
1822	-1.4658	46.769	1.5562
1823	4.7824	19.557	1.0801
1824	-2.1525	14.271	0.62027
1825	13.259	11.018	1.026
1826	-9.2044	11.434	0.83021
1827	-10.665	13.211	0.74862
1828	-0.35723	12.506	1.8219
1829	-8.5268	13.146	0.44337
1830	24.866	9.1204	0.22389
1831	0.0001585	8.8769	0.01972
1832	-0.00029926	8.8765	0.01972
1833	0.0001585	8.8767	0.01972
1834	-7.0377e-05	8.8769	0.019719
1835	2.9528	7.3227	1.4565
1836	-18.098	9.6499	0.47835
1837	-0.7672	7.1943	0.74961
1838	-5.7486	16.088	0.75343
1839	-0.16972	11.382	1.2228
1840	-0.18929	9.2333	0.068695
1841	-0.57006	12.02	1.5425
1842	-2.7881	37.191	1.718
1843	-0.43102	9.1785	0.13196
1844	-0.29013	37.297	1.037
1845	2.9786	18.252	2.0158
1846	-1.2253	15.03	1.1786
1847	13.356	9.5227	0.43347
1848	-19.936	11.326	1.2032
1849	-12.751	7.8237	0.33729
1850	-0.025154	9.9463	0.29323
1851	-17.854	12.027	1.4456
1852	19.713	8.2062	0.5379
1853	0.0001585	8.8771	0.01972
1854	-0.00029926	8.8767	0.01972
1855	0.0001585	8.8769	0.01972
1856	-7.0377e-05	8.8771	0.01972
1857	-0.00029926	8.8769	0.01972
1858	-7.0377e-05	8.8767	0.01972
1859	4.7994	8.9749	0.93921
1860	-14.88	10.912	1.178
1861	2.3962	9.6331	1.6592
1862	-3.3768	16.245	1.5274
1863	0.1374	12.389	1.8184
1864	-0.07023	9.6808	0.17941
1865	-4.4797	8.7174	1.253
1866	-0.7444	27.563	0.60033
1867	0.54614	9.2095	0.18904
1868	3.4085	21.637	0.23457
1869	1.3173	12.152	1.2062
1870	-0.56113	13.782	1.8512
1871	13.35	6.3403	1.2155
1872	-18.631	11.278	1.2365
1873	-14.12	6.685	1.0608
1874	0.33904	7.2842	0.61301
1875	-20.618	10.256	1.2439
1876	4.1928	2.6762	0.84924
1877	4.4064e-05	8.877	0.019719
1878	-0.00018482	8.8768	0.01972
1879	4.4064e-05	8.8769	0.019719
1880	5.842	11.722	1.4236
1881	-8.8062	11.004	1.1089
1882	8.8006	11.559	0.79779
1883	-2.6869	13.175	0.15211
1884	1.5336	12.164	1.0628
1885	0.0077329	9.732	0.19746
1886	-6.6516	6.6902	1.0052
1887	0.51322	12.282	1.6811
1888	1.3102	9.0294	0.7645
1889	7.2606	6.3054	1.1635
1890	1.6612	3.6612	0.92721
1891	-0.12334	12.15	1.7044
1892	14.092	3.7525	1.0928
1893	-14.308	11.14	1.0782
1894	-14.707	9.5623	1.5562
1895	0.50257	5.4537	1.6694
1896	-11.84	8.915	0.30738
1897	-7.392	-1.1178	0.70035
1898	0.0001585	8.877	0.01972
1899	-7.0377e-05	8.8768	0.019719
1900	0.0001585	8.8769	0.01972
1901	4.4064e-05	8.877	0.019719
1902	-7.0377e-05	8.8769	0.019719
1903	4.4064e-05	8.8768	0.019719
1904	6.9759	14.32	1.6514
1905	-1.3823	10.049	0.89817
1906	16.206	11.864	0.65268
1907	-1.81	10.914	1.0629
1908	2.9608	11.051	1.0721
1909	0.010317	9.2824	0.060664
1910	-7.3773	7.7812	0.70289
1911	1.1764	-1.5299	0.82045
1912	1.5484	8.8123	0.99764
1913	6.9522	-1.8603	0.81482
1914	2.4508	-4.623	0.24233
1915	-0.72909	13.119	1.7807
1916	12.835	2.6638	1.3397
1917	-4.2923	10.413	1.224
1918	-16.336	11.965	0.641
1919	0.28846	6.3336	1.2322
1920	-5.3085	9.2035	0.4809
1921	-14.668	-2.9676	0.80127
1922	0.00010128	8.877	0.019719
1923	-1.3157e-05	8.8769	0.019719
1924	7.1438	14.578	1.4796
1925	4.3251	8.9938	1.4015
1926	19.944	10.276	0.87164
1927	-2.4957	12.828	0.29365
1928	3.6194	10.097	1.6106
1929	0.010622	8.8259	0.020427
1930	-6.7581	11.887	1.5128
1931	0.73266	-6.7649	0.95877
1932	0.81169	8.6637	0.33913
1933	6.0563	-4.2654	1.9804
1934	8.2306	-5.149	0.70065
1935	-1.365	16.271	0.96698
1936	7.0895	4.3201	1.7068
1937	2.0692	9.6381	1.4363
1938	-17.525	15.603	1.1285
1939	0.033023	8.1814	0.13872
1940	-2.3368	11.054	1.0579
1941	-18.503	-3.7052	1.9044
1942	4.4064e-05	8.8769	0.019719
1943	-7.0377e-05	8.8768	0.019719
1944	4.4064e-05	8.8769	0.019719
1945	-1.3157e-05	8.8769	0.019719
1946	-7.0377e-05	8.8769	0.019719
1947	-1.3157e-05	8.8768	0.019719
1948	5.3078	14.003	1.5544
1949	3.6344	8.082	1.7621
1950	12.804	8.4224	0.13848
1951	-5.4395	16.716	0.58936
1952	3.4102	10.168	1.623
1953	0.0083138	8.4278	0.069772
1954	-2.4274	14.73	0.64175
1955	-1.5127	-10.418	1.0005
1956	-0.27066	8.6414	0.069442
1957	4.447	6.5545	0.99533
1958	15.177	-2.0133	1.185
1959	-2.2637	17.765	1.7189
1960	1.6095	7.5312	1.0371
1961	7.4558	10.48	0.87501
1962	-10.56	17.276	1.4988
1963	-0.17009	10.064	0.36268
1964	-1.6861	13.36	0.93036
1965	-13.28	-2.3578	1.1183
1966	1.5453e-05	8.8769	0.019719
1967	2.9384	11.138	1.0118
1968	0.42344	8.0414	0.26225
1969	4.942	7.0254	0.96096
1970	-7.891	17.654	1.1304
1971	3.0138	10.657	1.3413
1972	0.0035469	8.151	0.14859
1973	1.5776	16.18	1.069
1974	-3.3505	-3.9716	0.082322
1975	-1.0694	8.7533	0.54088
1976	3.1236	16.8	1.8458
1977	18.179	1.467	0.68478
1978	-2.6285	19.326	1.4912
1979	-0.48039	10.375	0.58827
1980	2.0663	11.133	1.0235
1981	-3.1601	18.139	2.051
1982	-0.1767	11.414	1.2443
1983	-5.0095	13.961	1.319
1984	1.4071	2.15	0.99342
1985	4.4064e-05	8.8769	0.019719
1986	-1.3157e-05	8.8769	0.019719
1987	4.4064e-05	8.8769	0.019719
1988	1.5453e-05	8.8769	0.019719
1989	-1.3157e-05	8.8769	0.019719
1990	2.3599	8.481	1.7002
1991	-2.4044	8.2675	1.6892
1992	-0.19184	6.3644	1.2168
1993	-6.5782	17.309	0.17956
1994	1.9699	11.705	0.8757
1995	0.0012718	8.1668	0.14313
1996	3.7395	12.931	0.25119
1997	-4.5801	3.7235	0.89352
1998	-0.98858	8.8959	0.47016
1999	2.9213	25.877	2.0006
2000	15.036	6.4808	0.96574
