1	71.283	89.081	4.8096
2	28.711	-121.55	4.508
3	-591.23	210.27	99.863
4	-576.21	-478.64	141.46
5	458.47	126.13	57.191
6	38.908	23.619	1.7113
7	310.63	268.94	43.112
8	450.28	-291.7	73.2
9	575.74	209.11	94.137
10	-558.76	301.05	101.05
11	381.09	455.27	89.175
12	-515	223.75	79.408
13	-66.002	-378.23	36.94
14	180.89	-223.4	21.504
15	-345.29	160.04	36.252
16	-549.59	415.59	119.82
17	133.57	6.7953	5.4767
18	399.77	297.89	62.444
19	589.22	-518.82	155.22
20	-537.42	373.29	109.02
21	-364.31	189.49	43.608
22	-369.05	-239.67	49.499
23	380.68	76.998	38.279
24	38.908	23.619	1.7113
25	207.84	200.14	22.684
26	353.21	-197.68	41.953
27	455.18	139.61	57.445
28	-413.77	173.98	51.903
29	292.23	371.67	57.35
30	-346.3	126.52	34.932
31	-37.18	-223.27	13.2
32	-335.51	109.51	31.779
33	-341.04	271.11	48.274
34	329.12	201.95	38.173
35	442.94	-250.24	66.231
36	-525.06	285.67	90.866
37	278.91	263.62	37.44
38	-201.09	-216.38	23.41
39	278.91	23.619	20.167
40	38.908	263.62	18.927
41	-201.09	23.619	11.795
42	38.908	-216.38	13.294
43	22.119	147.02	5.5748
44	-49.692	73.843	3.291
45	179.46	26.357	10.13
46	38.908	23.619	1.7113
47	95.48	115.96	6.3242
48	204.22	-58.306	11.351
49	219.62	57.576	14.838
50	-131.07	13.998	5.9168
51	160.18	228.78	20.476
52	-88.583	9.01	2.1706
53	11.275	-15.13	1.1698
54	-205.5	51.121	12.216
55	-2.7219	132.2	6.0261
56	189.68	87.483	11.695
57	181.77	88.242	10.386
58	-256.98	124.52	20.579
59	364.82	79.517	34.977
60	247	331.31	43.611
61	-69.595	-43.779	1.8948
62	150.38	-138.88	12.101
63	167.83	-99.038	10.643
64	54.849	172.04	9.0686
65	301.66	-63.956	24.45
66	-110.93	370.97	38.476
67	91.966	-64.951	3.9303
68	251.28	224.87	29.775
69	-228.72	-255.13	30.159
70	251.28	-15.13	17.135
71	11.275	224.87	13.77
72	-228.72	-15.13	13.896
73	11.275	-255.13	17.37
74	409.95	-1.6297	43.005
75	366.69	470.34	90.504
76	-311.27	-131.98	30.164
77	363.56	-185.07	42.301
78	272.59	-148.31	24.806
79	67.551	241.64	16.736
80	388.53	-147.84	44.537
81	-249.89	492.54	77.381
82	380.13	-231.23	51.481
83	131.28	104.87	7.8063
84	-108.72	-135.13	8.6084
85	131.28	-15.13	5.5948
86	11.275	104.87	3.6926
87	-108.72	-15.13	3.9148
88	11.275	-135.13	5.5239
89	152.28	-63.321	7.7411
90	208.11	451.33	62.561
91	-272.28	-152.56	25.599
92	391.99	-141.43	45.069
93	127.12	-103.73	7.7837
94	46.782	109.99	3.8907
95	400.56	-156.87	47.266
96	-151.71	502.41	70.447
97	435.07	-324.16	74.635
98	71.275	44.87	3.3022
99	-48.725	-75.13	3.0337
100	71.275	-15.13	2.1645
101	11.275	44.87	1.2726
102	-48.725	-15.13	1.6596
103	11.275	-75.13	2.7079
104	-137.68	-38.321	6.4338
105	-34.491	147.95	6.1826
106	-95.126	-137.73	8.6428
107	128.34	-11.2	5.0902
108	-111.98	3.3038	4.4401
109	11.789	-43.038	1.1027
110	194.87	-57.951	12.32
111	79.16	410.27	45.031
112	249.9	-294.2	38.14
113	-346.41	54.22	31.199
114	-245.96	-203.77	25.953
115	73.875	-78.326	3.8794
116	-117.59	93.759	6.4442
117	-266.08	81.46	20.646
118	-19.643	-180.5	9.5125
119	-71.168	61.348	3.5894
120	281.19	86.598	22.642
121	-60.18	-250.4	17.957
122	71.789	16.962	3.1109
123	-48.211	-103.04	3.8517
124	71.789	-43.038	3.2462
125	11.789	16.962	0.50729
126	-368.38	148.86	40.477
127	-305.05	-442.05	73.106
128	152.39	9.5748	6.8461
129	-280.65	162.54	27.165
130	-291.13	120.68	25.385
131	-31.572	-254.02	18.223
132	-298.2	150.36	29.734
133	408.2	-227.91	56.224
134	-308.13	-135.43	29.267
135	71.789	76.962	3.2969
136	-48.211	-43.038	2.302
137	71.789	16.962	3.1109
138	11.789	76.962	2.8928
139	-48.211	16.962	2.0442
140	11.789	-43.038	1.1027
141	-141.38	224.91	18.27
142	-192.55	-251.3	25.939
143	182.81	76.47	11.467
144	-205.36	144.1	16.817
145	-151.85	64.596	7.8686
146	-18.01	-126.97	5.2732
147	-391.38	180.34	47.356
148	397.03	-421.23	85.073
149	-390.95	2.0845	39.196
150	41.789	46.962	1.8605
151	-18.211	-13.038	1.9112
152	41.789	16.962	1.9984
153	11.789	46.962	1.742
154	-18.211	16.962	0.48005
155	172.28	245.41	22.831
156	3.413	92.937	2.2305
157	36.922	127.31	5.7246
158	-3.7545	54.885	2.1201
159	52.157	-9.3982	1.9972
160	-5.8919	98.667	2.7081
161	-382.6	186.18	45.515
162	247.5	-336.37	45.073
163	-232.07	113.15	17.755
164	11.789	46.962	1.742
165	-48.211	-13.038	1.168
166	11.789	16.962	0.50729
167	-18.211	46.962	1.8098
168	-48.211	16.962	2.0442
169	-18.211	-13.038	1.9112
170	428.48	127.77	51.225
171	178.23	367.62	42.265
172	-118.61	66.65	6.3423
173	174.87	-27	8.3527
174	220.84	-71.371	13.882
175	-1.6837	249.76	16.683
176	-154.84	130.67	11.09
177	54.144	-113.07	4.8112
178	74.756	170.42	9.3129
179	-3.2106	31.962	0.43996
180	377	3.4436	37.295
181	163.84	569.71	88.187
182	-203.13	-35.584	12.113
183	226.58	-56.049	14.949
184	197.26	-76.56	11.605
185	1.2674	314.52	25.969
186	112.67	41.307	5.1429
187	-134.82	106.54	9.3441
188	325.72	190.9	37.166
189	11.789	46.962	1.742
190	-18.211	16.962	0.48005
191	11.789	31.962	1.8748
192	-3.2106	46.962	1.3358
193	-18.211	31.962	1.9965
194	-3.2106	16.962	1.9131
195	160.1	-85.235	8.3941
196	129.36	329.67	33.04
197	-167.99	-94.598	10.24
198	253.09	-59.919	17.903
199	140.72	-63.984	7.2156
200	3.7718	216.36	12.234
201	288.96	-33.533	22.007
202	-221.97	266.91	31.585
203	402.96	59.288	42.787
204	4.2894	39.462	1.0113
205	-10.711	24.462	1.1835
206	4.2894	31.962	0.9234
207	-3.2106	39.462	0.46194
208	-10.711	31.962	1.0536
209	-3.2106	24.462	1.1707
210	-64.68	-88.131	4.2259
211	69.133	-92.619	5.2255
212	-32.553	-115.31	4.173
213	202.5	-25.776	11.309
214	37.702	-31.513	2.5614
215	2.6274	17.99	1.943
216	399.19	-25.126	41.455
217	-246.18	274.73	34.649
218	336.15	-114.12	33.055
219	0.53939	35.712	0.46701
220	-6.9606	28.212	0.85723
221	0.53939	31.962	1.959
222	-3.2106	35.712	2.3119
223	-6.9606	31.962	1.9064
224	-3.2106	28.212	1.6546
225	-252.97	-48.505	17.515
226	-25.073	-343.38	31.254
227	92.621	-68.319	4.2905
228	5.5623	43.955	0.78123
229	-59.162	36.804	2.7562
230	0.069445	-148.19	6.9294
231	263.83	0.30237	17.426
232	-88.837	214.28	13.968
233	154.76	-180.12	15.012
234	-1.3356	33.837	1.2036
235	-5.0856	30.087	1.5078
236	-1.3356	31.962	1.4469
237	-3.2106	33.837	1.6444
238	-5.0856	31.962	1.5608
239	-3.2106	30.087	0.47649
240	-291.6	-19.716	22.518
241	-92.63	-347.61	33.387
242	92.694	24.379	3.2973
243	-173.36	102.17	10.283
244	-89.349	89.6	4.8424
245	-2.9937	-230.82	15.299
246	-66.07	66.652	2.2067
247	126.94	5.3389	5.2715
248	-58.894	-92.814	3.3623
249	-2.2731	32.9	1.0819
250	-4.1481	31.025	0.71089
251	-2.2731	31.962	0.727
252	-3.2106	32.9	0.97984
253	-4.1481	31.962	0.82117
254	-3.2106	31.025	0.24701
255	-174.46	5.113	8.704
256	-120.29	-26.916	4.1987
257	19.499	99.113	3.0997
258	-248.45	147.1	20.931
259	-82.904	80.092	3.9819
260	-5.841	-95.935	3.0491
261	-342.48	115.13	34.599
262	252.12	-176.47	24.232
263	-248.24	11.201	16.371
264	-2.2731	31.962	0.727
265	-4.1481	30.087	0.82727
266	-2.2731	31.025	0.59686
267	-3.2106	31.962	0.43996
268	-4.1481	31.025	0.71089
269	-3.2106	30.087	0.47649
270	-1.9026	4.7964	0.69101
271	-84.072	328.4	30.434
272	-71.848	68.461	3.204
273	-220.53	118.26	16.947
274	-29.632	29.037	1.4066
275	-7.5182	77.249	2.6203
276	-459.33	110.62	57.555
277	256.43	-316.56	42.762
278	-364.49	65.058	35.705
279	-2.7419	31.493	0.36403
280	-3.6794	30.556	0.44079
281	-2.7419	31.025	0.32266
282	-3.2106	31.493	0.29121
283	-3.6794	31.025	0.38639
284	-3.2106	30.556	0.31137
285	152.48	7.3417	6.8789
286	-22.954	599.72	90.478
287	-129.17	13.684	4.3122
288	-115.88	62.497	6.2485
289	30.489	-16.374	0.96908
290	-8.3585	208.18	11.417
291	-272.59	66.944	19.966
292	173.99	-359.91	40.595
293	-178.5	46.713	9.4737
294	-2.9762	31.259	0.26634
295	-3.445	30.79	0.30848
296	-2.9762	31.025	0.2579
297	-3.2106	31.259	0.25552
298	-3.445	31.025	0.29063
299	-3.2106	30.79	0.26584
300	225.89	12.89	14.708
301	44.359	531.54	71.735
302	-94.793	-44.383	2.8841
303	26.092	2.4161	1.2504
304	69.473	-33.463	2.3932
305	-8.1471	222.63	13.68
306	-17.223	10.92	1.1114
307	65.293	-325.77	28.188
308	83.696	20.132	2.8105
309	-3.0934	31.142	0.24644
310	206.13	21.297	12.01
311	81.009	292.3	23.381
312	-40.683	-79.304	3.8654
313	135.23	-45.143	6.9475
314	82.099	-19.064	2.2178
315	-5.7416	118.8	5.1236
316	212.73	-36.218	12.09
317	-69.7	-125.49	5.555
318	292.16	1.1826	23.01
319	-2.9762	31.259	0.26634
320	-3.2106	31.025	0.24701
321	-2.9762	31.142	0.25873
322	-3.0934	31.259	0.25412
323	-3.2106	31.142	0.24784
324	-3.0934	31.025	0.24561
325	90.768	31.728	2.4595
326	84.062	62.741	4.4228
327	8.3832	-63.283	2.3827
328	149.66	-31.286	7.2571
329	44.066	-1.4206	0.95133
330	-1.5962	-53.508	1.7415
331	283.99	-32.869	21.533
332	-157.29	85.518	9.7088
333	377.35	0.76227	35.794
334	-2.9762	31.142	0.25873
335	-3.2106	30.907	0.25303
336	-2.9762	31.025	0.2579
337	-3.0934	31.142	0.24644
338	-3.2106	31.025	0.24701
339	-3.0934	30.907	0.25164
340	-74.817	38.684	3.2796
341	24.701	-145.47	7.068
342	11.869	-46.563	1.5302
343	80.137	10.428	2.6203
344	0.42461	14.911	1.4535
345	1.0681	-158.98	6.9442
346	195.03	1.9952	10.355
347	-162.94	168.17	13.894
348	286.54	11.57	21.303
349	-3.0348	31.083	0.24961
350	-3.152	30.966	0.24676
351	-3.0348	31.025	0.25005
352	-3.0934	31.083	0.24517
353	-183.78	41.382	9.8716
354	-40.886	-244.35	15.346
355	14.236	-15.775	1.1285
356	-2.1756	62.846	2.4989
357	-26.518	24.042	1.371
358	3.0713	-105.93	4.6863
359	73.611	45.78	3.0023
360	-58.478	134.56	6.599
361	20.696	28.535	1.3762
362	-3.0348	31.142	0.25088
363	-3.152	31.025	0.2446
364	-252.85	35.781	17.253
365	-84.134	-191.66	11.254
366	14.384	25.358	1.3605
367	-73.925	97.933	4.6679
368	-40.969	27.302	2.4965
369	3.4286	50.981	1.5765
370	-103.01	65.642	4.1303
371	72.477	44.788	3.7592
372	-217.37	43.921	14.067
373	-3.0934	31.083	0.24517
374	-3.2106	30.966	0.24917
375	-3.0934	31.025	0.24561
376	-3.152	31.083	0.24415
377	-185.82	17.937	10.6
378	-52.237	49.015	1.8945
379	14.282	50.332	1.6103
380	-105.03	127.27	7.7133
381	-0.67644	21.694	1.8455
382	3.2157	183.84	9.0835
383	-228.68	75.874	14.745
384	174.75	-37.465	8.9056
385	-407.31	52.252	42.826
386	-3.0934	31.142	0.24644
387	-3.2106	31.025	0.24701
388	-3.0934	31.083	0.24517
389	-3.152	31.142	0.24542
390	-3.2106	31.083	0.24657
391	-3.152	31.025	0.2446
392	-93.67	2.1506	3.1527
393	-5.2523	263.24	18.694
394	9.7059	39.26	0.57205
395	-74.238	102.3	5.3925
396	53.546	15.183	1.5201
397	-0.74758	253.43	17.784
398	-293.7	54.68	23.333
399	146.54	-74.637	7.4052
400	-296.31	46.832	23.567
401	-3.1227	31.112	0.24465
402	-3.1813	31.054	0.24494
403	-3.1227	31.083	0.24423
404	-3.152	31.112	0.24457
405	-3.1813	31.083	0.24493
406	-3.152	31.054	0.24416
407	28.46	-4.0309	0.2651
408	29.336	380.89	37.808
409	1.65	29.229	1.1949
410	-3.0484	25.663	1.9267
411	77.733	9.2536	3.2002
412	-5.4229	215.55	12.654
413	-145.72	25.259	6.2695
414	57.763	-54.568	2.3582
415	-92.004	33.439	3.4476
416	-3.1374	31.098	0.24424
417	-3.1667	31.069	0.24439
418	-3.1374	31.083	0.24408
419	123.86	-0.024314	5.0658
420	25.074	414.67	44.645
421	-4.1596	25.782	1.5982
422	63.294	-39.152	3.1285
423	70.792	3.9577	2.1568
424	-8.4721	100.3	3.3959
425	93.284	-4.6959	3.7424
426	-46.352	-35.507	2.5684
427	118.02	19.665	4.5305
428	-3.1227	31.098	0.24439
429	-3.152	31.069	0.2441
430	-3.1227	31.083	0.24423
431	-3.1374	31.098	0.24424
432	-3.152	31.083	0.24415
433	-3.1374	31.069	0.24403
434	138.94	15.359	5.9872
435	3.9005	225.01	13.342
436	-2.2472	30.307	0.70078
437	92.434	-67.616	4.0931
438	34.381	4.7992	0.34786
439	-7.203	-57.914	2.4538
440	263.34	-13.877	19.171
441	-90.782	-4.5915	2.123
442	228.51	10.912	14.178
443	-3.1227	31.083	0.24423
444	-3.152	31.054	0.24416
445	-3.1227	31.069	0.24418
446	-3.1374	31.083	0.24408
447	-3.152	31.069	0.2441
448	-3.1374	31.054	0.24409
449	84.093	26.105	3.6275
450	-31.191	-42.913	1.2369
451	5.0382	37.824	1.3775
452	56.673	-21.714	2.8517
453	-15.328	6.436	0.91981
454	-4.8847	-163.26	7.7887
455	294.6	-2.157	22.664
456	-128.69	37.326	5.7916
457	277.22	4.2948	20.936
458	-3.13	31.076	0.24409
459	-3.1447	31.061	0.24406
460	-3.13	31.069	0.24408
461	-3.1374	31.076	0.24404
462	-3.1447	31.069	0.24404
463	-3.1374	31.061	0.24405
464	4.0483	25.51	1.5912
465	-56.125	-262.64	19.886
466	7.9369	42.914	1.5158
467	-11.987	33.266	1.3456
468	-46.069	10.578	1.739
469	-1.9226	-147.57	6.1763
470	40.042	15.046	1.2141
471	-145.47	70.809	6.9779
472	206.02	14.855	11.781
473	-3.1337	31.072	0.24405
474	-3.141	31.065	0.24403
475	-3.1337	31.069	0.24405
476	-3.1374	31.072	0.24404
477	-3.141	31.069	0.24403
478	-58.451	15.421	1.8839
479	-62.391	-414.85	45.347
480	6.0544	44.833	0.57715
481	-71.208	82.163	3.966
482	-35.953	18.124	1.5745
483	0.12829	-7.1137	0.70276
484	-209.1	35.992	12.426
485	-86.015	75.743	3.918
486	28.766	31.142	0.56804
487	-3.1374	31.072	0.24404
488	-3.1447	31.065	0.24405
489	-3.1374	31.069	0.24403
490	-3.141	31.072	0.24403
491	-3.1447	31.069	0.24404
492	-3.141	31.065	0.24403
493	-85.264	4.8393	1.9542
494	-25.589	-271.17	20.44
495	3.347	44.741	2.4585
496	-89.916	94.265	4.9546
497	-8.2986	29.521	1.0463
498	0.80605	119.24	5.1598
499	-304.81	46.268	25.029
500	-20.74	49.668	1.4589
501	-134.03	45.652	6.3275
502	-3.1392	31.07	0.24403
503	-3.1429	31.067	0.24404
504	-3.1392	31.069	0.24403
505	-43.317	-3.833	2.1874
506	13.633	-50.804	1.7898
507	0.25648	38.923	2.0853
508	-68.75	73.887	3.9188
509	36.163	28.378	1.5162
510	-1.1962	209.95	12.275
511	-259.66	44.752	18.803
512	41.953	21.794	1.1356
513	-149.74	46.415	7.0622
514	-3.1374	31.07	0.24403
515	-3.141	31.067	0.24403
516	-3.1374	31.069	0.24403
517	-3.1392	31.07	0.24403
518	-3.141	31.069	0.24403
519	-3.1392	31.067	0.24403
520	38.847	-2.7688	1.5342
521	25.239	184.34	9.6805
522	-1.9049	31.435	0.92918
523	12.659	35.695	0.36862
524	73.304	26.658	3.0212
525	-3.4176	167.51	8.59
526	-16.629	40.77	0.97038
527	84.416	-2.2217	2.7826
528	-107.6	39.013	4.8224
529	-3.1383	31.069	0.24403
530	-3.1401	31.068	0.24403
531	-3.1383	31.069	0.24403
532	-3.1392	31.069	0.24403
533	100.14	8.7758	2.6056
534	16.143	261.86	17.317
535	-0.37854	25.227	0.66574
536	84.134	0.082236	3.5402
537	83.552	21.459	2.6062
538	-5.2189	21.931	1.6025
539	205.58	37.139	11.993
540	97.643	-8.7485	4.3661
541	-39.407	28.095	1.6572
542	-3.1383	31.07	0.24403
543	-3.1401	31.069	0.24403
544	126.72	26.99	4.7181
545	-16.194	125.18	5.7352
546	4.2099	23.044	0.7362
547	105.39	-19.081	3.7786
548	51.023	16.015	1.4803
549	-6.11	-103.88	4.0634
550	219.71	33.793	13.033
551	72.627	12.2	1.705
552	40.58	19.562	1.7975
553	-3.1392	31.069	0.24403
554	-3.141	31.068	0.24403
555	-3.1392	31.069	0.24403
556	-3.1401	31.069	0.24403
557	112.2	33.533	4.3357
558	-42.978	-36.844	1.4762
559	6.4396	28.916	1.2455
560	62.4	-8.8599	1.0851
561	12.292	14.856	1.5467
562	-5.1353	-178.72	8.6797
563	125.47	30.484	6.0586
564	19.987	36.356	1.0781
565	99.286	20.879	3.7612
566	-3.1392	31.07	0.24403
567	-3.141	31.069	0.24403
568	-3.1392	31.069	0.24403
569	-3.1401	31.07	0.24403
570	-3.141	31.069	0.24403
571	-3.1401	31.069	0.24403
572	70.222	33.757	2.3821
573	-58.84	-178	10.433
574	9.1934	37.789	1.3611
575	4.8916	28.099	1.1099
576	-26.165	16.305	0.9767
577	-3.3303	-86.823	3.0165
578	-13.719	28.641	1.1844
579	-29.844	55.691	1.9979
580	120.35	23.773	5.0175
581	-3.1397	31.07	0.24403
582	-3.1406	31.069	0.24403
583	-3.1397	31.069	0.24403
584	-3.1401	31.07	0.24403
585	-3.1406	31.069	0.24403
586	-3.1401	31.069	0.24403
587	22.269	30.496	0.48116
588	-41.775	-276.05	21.031
589	9.3818	43.796	2.4022
590	-46.239	62.932	3.0749
591	-32.703	16.59	1.1482
592	-1.6058	9.1894	1.0559
593	-136.21	27.438	6.1933
594	-72.276	67.109	2.4858
595	115.9	28.985	4.4974
596	-3.1397	31.069	0.24403
597	-3.1406	31.069	0.24403
598	-3.1397	31.069	0.24403
599	-3.1401	31.069	0.24403
600	-3.1406	31.069	0.24403
601	-3.1401	31.069	0.24403
602	-25.491	16.535	0.62997
603	-11.615	-304.39	24.216
604	7.0808	46.648	1.5555
605	-63.204	69.93	2.5838
606	-26.691	18.254	1.2499
607	-1.3895	109.51	4.0792
608	-187.49	28.912	10.009
609	-35.222	53.955	2.746
610	19.416	35.458	0.56621
611	-3.1399	31.069	0.24403
612	-3.1403	31.069	0.24403
613	-3.1399	31.069	0.24403
614	-3.1401	31.069	0.24403
615	-52.239	-0.20799	2.0704
616	15.559	-165.21	7.0574
617	4.8752	39.028	1.513
618	-53.215	51.987	2.9632
619	1.3018	16.66	0.882
620	-2.3312	135	5.7996
621	-161.73	35.675	7.9178
622	19.764	28.81	1.2755
623	-73.245	41.047	2.3599
624	-3.1399	31.069	0.24403
625	-3.1403	31.069	0.24403
626	-3.1399	31.069	0.24403
627	-3.1401	31.069	0.24403
628	-3.1403	31.069	0.24403
629	-3.1401	31.069	0.24403
630	-35.465	-13.362	0.74375
631	18.692	19.282	0.70468
632	1.493	31.243	1.3219
633	-28.059	31.075	0.46153
634	40.187	14.85	1.0818
635	-3.4742	78.255	2.8643
636	-110.89	42.255	4.5407
637	68.271	9.8813	1.683
638	-90.556	43.842	4.3107
639	-3.14	31.069	0.24403
640	-3.1402	31.069	0.24403
641	-3.14	31.069	0.24403
642	3.7304	-22.102	0.29664
643	16.745	183.8	9.3132
644	0.53137	27.396	0.44056
645	1.7889	12.545	0.85618
646	56.905	18.112	0.98143
647	-4.3188	7.794	1.2946
648	-3.9853	47.568	1.168
649	68.459	6.4537	2.2996
650	-59.908	36.616	2.9411
651	-3.1399	31.069	0.24403
652	-3.1401	31.069	0.24403
653	-3.1399	31.069	0.24403
654	-3.14	31.069	0.24403
655	-3.1401	31.069	0.24403
656	-3.14	31.069	0.24403
657	39.074	-11.701	1.4953
658	15.327	266.94	19.77
659	-0.8645	24.272	1.2224
660	28.058	4.2602	0.2329
661	37.753	18.519	0.57991
662	-4.4183	-46.858	1.5113
663	86.939	45.211	2.9591
664	39.369	29.714	1.5533
665	-5.2853	28.259	0.97645
666	63.7	3.4492	2.5104
667	20.547	217.25	12.785
668	9.5301	14.254	0.28424
669	51.391	-3.0988	1.9132
670	17.774	14.703	1.4009
671	2.714	-54.672	2.2712
672	138.22	34.876	5.1898
673	5.178	46.128	1.3767
674	59.037	17.422	2.7173
675	28.058	4.2604	0.23283
676	70.17	16.87	1.9061
677	27.174	112.22	4.0214
678	22.542	3.4307	0.48713
679	62.037	-4.8132	2.6446
680	11.793	10.017	0.56131
681	11.784	-19.483	0.87914
682	131.42	24.322	5.5354
683	-18.754	52.498	0.94273
684	97.649	13.789	2.5156
685	28.058	4.2606	0.23277
686	37.632	22.67	2.429
687	30.967	-25.269	0.89868
688	32.616	-0.66367	0.94266
689	56.006	-3.772	2.5494
690	17.703	3.6823	1.4353
691	17.708	25.572	0.94202
692	99.628	8.109	2.9696
693	-18.301	36.403	0.71438
694	87.898	17.437	2.0375
695	28.058	4.2611	0.23264
696	7.603	14.022	1.2827
697	28.797	-131.19	5.5847
698	34.973	2.5554	1.0933
699	25.723	1.1124	0.57895
700	25.472	-1.2535	0.56632
701	21.208	57.401	1.2496
702	10.277	3.3416	0.5604
703	-0.56	21.67	1.9027
704	27.754	18.368	2.0683
705	28.059	4.262	0.23238
706	-1.2127	5.2953	1.2961
707	26.135	-197.3	10.749
708	28.061	8.0769	2.0349
709	0.72669	7.913	0.43834
710	34.744	-4.0293	0.36491
711	25.875	56.111	2.2462
712	-68.497	-0.60268	1.4311
713	13.822	6.0071	1.1957
714	-26.83	14.029	1.1182
715	28.061	4.2639	0.23186
716	-5.3604	-4.3638	1.6146
717	22.017	-167.9	8.9595
718	18.846	15.181	1.4042
719	-12.434	12.141	1.7373
720	41.26	-0.57571	2.2643
721	22.578	42.93	1.9951
722	-82.483	-0.029505	2.0057
723	25.723	0.020272	0.33471
724	-50.549	20.553	2.1148
725	28.065	4.2675	0.23084
726	11.016	-9.8726	1.0394
727	19.955	-74.584	2.8426
728	11.538	17.662	0.59697
729	-17.461	12.48	1.2649
730	42.701	6.5421	1.4912
731	17.214	21.099	1.1397
732	-15.803	2.3819	0.95117
733	36.828	-5.2414	1.8903
734	-4.6645	24.171	1.1426
735	28.072	4.2748	0.22886
736	36.757	-6.1254	1.5659
737	21.555	43.546	2.3258
738	8.72	13.529	0.31065
739	5.2898	6.5544	1.0601
740	40.005	12.149	0.98627
741	9.6853	-0.91275	1.7956
742	54.152	5.5607	1.2237
743	42.664	-8.7661	1.2252
744	49.336	21.595	2.2668
745	28.087	4.2895	0.22512
746	55.901	1.987	1.6506
747	23.536	137.79	5.859
748	10.916	6.8481	1.0518
749	28.282	0.12004	2.1963
750	34.689	14.713	0.80192
751	-1.262	-12.872	1.3301
752	97.598	8.0298	4.202
753	36.228	-7.103	1.3104
754	79.67	19.121	2.925
755	28.116	4.3188	0.21858
756	47.032	6.6435	1.5494
757	25.356	169.63	7.5303
758	13.053	3.696	1.8095
759	48.585	-2.9511	1.5384
760	28.861	11.329	1.1101
761	0.031468	-0.83494	0.16986
762	72.76	7.5374	2.8448
763	28.141	-3.5916	0.38433
764	74.252	11.254	2.4527
765	35.885	5.6125	1.1664
766	14.826	142.47	6.7507
767	7.455	0.59057	0.65885
768	52.686	-1.8788	1.8751
769	12.086	1.6868	0.70995
770	1.1771	9.8272	0.7228
771	24.195	5.5395	1.5768
772	8.6405	1.5911	1.3245
773	51.878	2.2596	1.673
774	0.14866	-0.71776	0.13583
775	12.671	0.9265	0.25174
776	4.6547	55.086	1.7821
777	0.19378	3.8987	1.9133
778	37.074	1.8113	1.1126
779	-5.9467	-6.3271	1.2418
780	1.883	15.847	1.1277
781	-32.359	1.7279	1.0616
782	-8.2854	4.7457	0.61421
783	21.506	-0.9241	1.8182
784	0.26584	-0.60057	0.12094
785	-11.133	-3.8195	1.1582
786	-4.1556	-49.205	1.0958
787	-1.7495	8.2377	1.1772
788	12.245	5.0811	1.8979
789	-5.3967	-10.756	0.881
790	2.3677	13.306	0.33056
791	-70.09	-2.0642	2.167
792	-19.683	5.0235	1.7195
793	-12.078	7.4578	0.58045
794	0.50022	-0.36619	0.15187
795	0.031468	-0.83494	0.16986
796	0.50022	-0.60057	0.20062
797	0.26584	-0.36619	0.067346
798	-16.757	-5.3893	0.6864
799	-0.35406	-97.367	2.4652
800	-1.429	14.66	1.1374
801	-8.1506	5.7414	0.84735
802	2.1023	-3.7271	0.56132
803	0.99029	2.8851	1.2504
804	-64.748	-4.657	1.7191
805	-19.376	3.8377	1.8842
806	-23.474	14.227	1.118
807	0.50022	-0.13182	0.1264
808	0.031468	-0.60057	0.089365
809	0.50022	-0.36619	0.15187
810	0.26584	-0.13182	0.039339
811	-12.725	-3.2042	1.6754
812	10.769	-111.31	3.9049
813	3.593	12.835	0.19877
814	-17.733	5.1635	1.4682
815	18.332	4.2687	1.9509
816	-0.65866	-7.5105	0.56878
817	-7.9666	-3.6375	0.92455
818	0.34868	1.7592	0.69905
819	-11.263	17.9	0.84858
820	0.73459	0.33693	0.27902
821	-0.20291	-0.60057	0.10762
822	0.73459	-0.13182	0.26126
823	0.26584	0.33693	0.062429
824	-0.20291	-0.13182	0.024781
825	-2.7036	1.8736	1.2232
826	17.537	-38.662	1.6019
827	6.3491	10.56	0.66157
828	-3.574	2.6283	0.74728
829	34.121	10.856	1.4805
830	-1.7455	-11.745	0.95947
831	48.348	0.30477	1.9163
832	18.748	-0.85113	0.26802
833	11.39	19.429	0.97769
834	0.26584	0.33693	0.062429
835	-0.67166	-0.60057	0.28694
836	0.26584	-0.13182	0.039339
837	-0.20291	0.33693	0.048221
838	-0.67166	-0.13182	0.22072
839	-0.20291	-0.60057	0.10762
840	12.294	5.6341	1.6869
841	18.019	66.092	2.7972
842	7.7976	9.1833	0.98115
843	17.364	0.23714	0.99167
844	40.411	10.387	1.8786
845	-2.3221	-12.357	0.51174
846	60.201	4.5956	1.0441
847	28.091	-2.9469	0.71689
848	30.187	22.09	1.6833
849	0.031468	0.10256	0.0031249
850	24.607	6.9565	0.98602
851	12.02	139.28	6.2764
852	4.7437	6.4561	1.0206
853	37.814	-0.56554	0.44248
854	40.432	6.2742	1.1686
855	-1.6383	-7.0077	1.0292
856	44.643	6.3732	1.6698
857	28.391	-3.6353	0.36925
858	42.814	26.411	1.2468
859	0.26584	0.33693	0.062429
860	-0.20291	-0.13182	0.024781
861	0.26584	0.10256	0.037685
862	0.031468	0.33693	0.028756
863	-0.20291	0.10256	0.023102
864	0.031468	-0.13182	0.0048385
865	23.805	4.3546	1.3866
866	6.7267	186.54	8.8081
867	-0.27246	5.1675	1.8461
868	49.197	0.77228	1.1937
869	31.826	0.17986	0.3435
870	-0.24061	2.9891	1.5039
871	-0.49677	4.7636	1.8624
872	24.927	-2.7912	1.5411
873	33.885	27.698	2.0584
874	0.14866	0.21974	0.022961
875	-0.085719	-0.014632	0.0037268
876	0.14866	0.10256	0.013636
877	0.031468	0.21974	0.012549
878	-0.085719	0.10256	0.0062947
879	0.031468	-0.014632	0.00054889
880	14.226	0.98472	1.1189
881	2.9101	180.26	8.9047
882	-3.0865	3.1654	0.38681
883	54.354	3.0934	1.4032
884	22.661	-5.277	0.48372
885	1.157	9.6046	0.67211
886	-38.842	0.47722	0.98535
887	13.755	-0.81415	0.73439
888	12.674	25.669	0.44377
889	0.14866	0.10256	0.013636
890	-0.085719	-0.13182	0.0080028
891	0.14866	-0.014632	0.011087
892	0.031468	0.10256	0.0031249
893	-0.085719	-0.014632	0.0037268
894	0.031468	-0.13182	0.0048385
895	2.1171	-2.4758	0.9097
896	2.0614	99.423	3.6484
897	-3.7589	1.2084	1.5393
898	42.397	5.5639	1.4467
899	7.5158	-5.4791	1.2683
900	2.2136	11.42	0.9025
901	-57.519	-3.0063	2.1273
902	0.36908	1.1958	0.38174
903	-6.1904	15.968	0.7835
904	0.090062	0.043962	0.0045365
905	-0.027125	-0.073225	0.0017091
906	0.090062	-0.014632	0.0041082
907	0.031468	0.043962	0.00097871
908	-0.027125	-0.014632	0.0004216
909	-5.5958	-4.5808	1.7823
910	3.6245	11.618	0.72403
911	0.25736	1.2839	0.40526
912	17.264	5.5765	1.072
913	-0.077911	-3.1927	1.6347
914	2.784	7.2342	1.3824
915	-27.07	-4.4115	0.82942
916	-10.179	2.1356	1.0713
917	-16.598	6.0404	0.80907
918	0.031468	0.043962	0.00097871
919	-0.085719	-0.073225	0.0050101
920	0.031468	-0.014632	0.00054889
921	-0.027125	0.043962	0.00085149
922	-0.085719	-0.014632	0.0037268
923	-0.027125	-0.073225	0.0017091
924	-5.7526	-5.4603	1.6645
925	5.9084	-65.993	2.9314
926	4.3724	5.2634	0.73281
927	-0.5874	2.8171	1.3424
928	3.2484	0.26563	1.9795
929	1.0288	0.63262	0.53528
930	20.674	-1.0497	1.2924
931	-12.618	1.4305	0.51046
932	-17.365	2.2092	1.0759
933	0.0021716	0.014665	5.6181e-05
934	0.72104	-1.8301	0.79578
935	8.8094	-107.74	4.4992
936	6.0553	8.4472	0.09934
937	-10.667	-0.73865	1.3085
938	13.661	3.1717	1.3343
939	-0.78316	-5.2768	1.5961
940	51.501	2.3965	1.7051
941	-6.5079	-0.11598	0.03901
942	-8.0927	-1.7833	1.0893
943	0.031468	0.043962	0.00097871
944	-0.027125	-0.014632	0.0004216
945	0.031468	0.014665	0.00054913
946	0.0021716	0.043962	0.00048597
947	-0.027125	0.014665	0.00042185
948	0.0021716	-0.014632	5.5932e-05
949	7.5117	2.1533	0.9991
950	10.311	-111.32	3.5021
951	5.6039	8.5104	0.27517
952	-7.2151	-2.3908	1.0857
953	27.664	5.4656	0.58434
954	-1.8184	-7.9797	1.2132
955	54.655	5.2159	1.4829
956	-1.0015	-1.4442	0.71923
957	8.0784	7.4789	1.1515
958	0.031468	0.014665	0.00054913
959	-0.027125	-0.043928	0.00085074
960	0.031468	-0.014632	0.00054889
961	0.0021716	0.014665	5.6181e-05
962	-0.027125	-0.014632	0.0004216
963	0.0021716	-0.043928	0.00048523
964	12.797	4.7446	1.998
965	9.0979	-55.557	1.7782
966	3.4823	5.2753	0.22607
967	9.3732	-1.383	1.5804
968	34.722	3.3992	0.57445
969	-2.4452	-5.8324	0.5843
970	39.948	6.1805	1.1981
971	2.159	-2.0005	1.0885
972	21.988	21.805	0.28137
973	0.01682	1.6928e-05	0.00014152
974	-0.012477	-0.02928	0.00029239
975	0.01682	-0.014632	0.00019509
976	0.0021716	1.6928e-05	2.3592e-06
977	13.745	6.144	1.1942
978	8.3285	26.222	1.6246
979	0.91238	2.2114	0.9971
980	28.972	0.56944	1.9152
981	24.25	0.49284	0.55004
982	-1.2064	-0.65257	0.68138
983	5.3376	4.1219	1.5817
984	4.1765	-1.4084	1.2825
985	30.51	32.748	1.744
986	0.01682	0.014665	0.00019534
987	-0.012477	-0.014632	0.00013144
988	0.01682	1.6928e-05	0.00014152
989	0.0021716	0.014665	5.6181e-05
990	-0.012477	1.6928e-05	7.7874e-05
991	0.0021716	-0.014632	5.5932e-05
992	13.842	4.8348	1.3334
993	6.605	91.759	3.5547
994	0.89849	-0.22212	0.38508
995	32.532	2.5914	1.3799
996	14.903	-2.2116	1.0616
997	0.84194	4.396	1.6707
998	-24.238	1.4355	0.81711
999	1.7817	-0.14662	1.2091
1000	26.589	31.69	1.5322
1001	0.0094958	0.0073411	5.8594e-05
1002	-0.0051526	-0.0073073	2.6644e-05
1003	0.0094958	1.6928e-05	4.5108e-05
1004	0.0021716	0.0073411	1.5846e-05
1005	-0.0051526	1.6928e-05	1.3281e-05
1006	0.0021716	-0.0073073	1.5722e-05
1007	11.89	1.36	0.58945
1008	7.7995	116.24	4.3458
1009	2.6185	-0.30578	1.8479
1010	18.828	3.2727	1.7679
1011	4.2831	-2.9274	0.80749
1012	2.5291	5.9612	0.62021
1013	-43.519	-0.42934	0.61987
1014	-1.6906	1.012	1.0912
1015	14.409	28.366	1.3481
1016	0.0058337	0.003679	2.0412e-05
1017	-0.0014905	-0.0036452	4.4365e-06
1018	0.0058337	1.6928e-05	1.7025e-05
1019	0.0021716	0.003679	5.7463e-06
1020	-0.0014905	1.6928e-05	1.1114e-06
1021	4.6648	-2.0953	1.0108
1022	10.6	86.079	2.7323
1023	3.7648	1.2981	1.4973
1024	4.2857	3.8751	0.62736
1025	-3.276	-1.5524	1.4548
1026	2.208	2.6031	0.8443
1027	-38.794	-1.816	1.2474
1028	-4.9698	1.4211	0.87017
1029	0.06122	18.896	0.39045
1030	0.0021716	0.003679	5.7463e-06
1031	-0.0051526	-0.0036452	1.6606e-05
1032	0.0021716	1.6928e-05	2.3592e-06
1033	-0.0014905	0.003679	4.4986e-06
1034	-0.0051526	1.6928e-05	1.3281e-05
1035	-0.0014905	-0.0036452	4.4365e-06
1036	-1.8114	-4.6679	0.77096
1037	10.292	27.669	1.7061
1038	4.9728	3.2356	1.178
1039	1.0785	3.1517	1.2917
1040	-6.0547	0.57497	0.11464
1041	0.41003	-1.2367	0.4122
1042	6.832	-0.97202	0.35247
1043	-7.2813	0.70058	0.53665
1044	-4.1768	9.8659	1.4213
1045	0.00034056	0.001848	9.1263e-07
1046	-5.3904	-6.1488	1.2403
1047	11.861	-34.56	0.74918
1048	5.7106	4.9497	1.8014
1049	-1.4463	1.8497	0.96911
1050	-7.427	2.1858	1.0046
1051	-1.3812	-3.8217	1.1747
1052	46.568	-0.11077	2.389
1053	-6.7764	-0.070382	0.13178
1054	-2.3945	2.9466	0.64366
1055	0.0021716	0.003679	5.7463e-06
1056	-0.0014905	1.6928e-05	1.1114e-06
1057	0.0021716	0.001848	3.2137e-06
1058	0.00034056	0.003679	3.4452e-06
1059	-0.0014905	0.001848	1.966e-06
1060	0.00034056	1.6928e-05	5.809e-08
1061	-3.8102	-2.0855	1.08
1062	10.996	-64.913	2.0836
1063	6.3734	6.9591	0.81619
1064	0.28589	0.85883	0.21234
1065	-5.6708	2.6553	1.2569
1066	-2.5963	-3.3227	0.40394
1067	58.048	0.57646	1.7767
1068	-3.6381	-0.74097	1.7647
1069	4.5152	0.47954	1.1899
1070	0.0021716	0.001848	3.2137e-06
1071	-0.0014905	-0.0018141	1.9349e-06
1072	0.0021716	1.6928e-05	2.3592e-06
1073	0.00034056	0.001848	9.1263e-07
1074	-0.0014905	1.6928e-05	1.1114e-06
1075	0.00034056	-0.0018141	8.8161e-07
1076	4.0667	2.9697	0.70261
1077	7.515	-54.156	1.472
1078	6.6738	6.0493	1.4099
1079	1.7571	-0.022786	1.186
1080	-2.2741	2.7428	0.77012
1081	-2.6317	-1.2415	1.5596
1082	29.075	0.61466	1.8431
1083	-0.69428	-1.0963	0.45151
1084	11.645	0.41259	0.45459
1085	0.0012561	0.00093245	1.0069e-06
1086	-0.00057497	-0.0008986	3.6745e-07
1087	0.0012561	1.6928e-05	7.8934e-07
1088	0.00034056	0.00093245	2.756e-07
1089	-0.00057497	1.6928e-05	1.6545e-07
1090	0.00034056	-0.0008986	2.6009e-07
1091	11.662	6.0909	1.2872
1092	6.2358	-8.3538	0.098136
1093	5.6593	4.9024	1.7832
1094	2.4773	-0.58265	1.7231
1095	0.71407	1.631	0.69435
1096	-0.18812	1.0935	0.29729
1097	-4.5529	-0.054221	1.1639
1098	1.6602	-0.97092	1.07
1099	16.777	7.4315	1.3323
1100	0.00079832	0.00047469	3.7521e-07
1101	-0.00011721	-0.00044084	5.5505e-08
1102	13.559	4.6986	1.5887
1103	2.6013	35.914	2.1524
1104	2.6605	2.3353	0.93181
1105	1.9603	-0.50987	1.3563
1106	2.4033	0.25832	1.7288
1107	2.1068	2.4514	0.91995
1108	-33.178	-0.75499	1.4393
1109	2.2803	-0.30275	1.6379
1110	13.377	15.55	1.105
1111	0.00034056	1.6928e-05	5.809e-08
1112	-0.00057497	-0.0008986	3.6745e-07
1113	0.00034056	-0.00044084	1.0665e-07
1114	-0.00011721	1.6928e-05	6.9438e-09
1115	11.229	3.0217	1.158
1116	-0.78291	42.041	1.5252
1117	-0.041457	1.0383	0.25853
1118	0.73286	0.25214	0.26867
1119	-0.99187	-0.93643	0.56896
1120	3.0466	2.9302	0.52619
1121	-55.071	-1.3046	1.7027
1122	0.40252	0.31162	0.10224
1123	11.497	18.485	0.6973
1124	0.00034056	0.00047469	1.1441e-07
1125	-0.00057497	-0.00044084	2.1401e-07
1126	0.00034056	1.6928e-05	5.809e-08
1127	-0.00011721	0.00047469	6.3261e-08
1128	-0.00057497	1.6928e-05	1.6545e-07
1129	-0.00011721	-0.00044084	5.5505e-08
1130	4.0518	0.25671	1.6076
1131	-3.5507	12.567	0.25505
1132	0.22954	2.2104	0.99363
1133	-0.75753	1.0353	0.46001
1134	-5.1109	-1.5748	0.83584
1135	2.167	2.6733	0.82658
1136	-56.171	-1.723	1.4687
1137	-3.6059	0.76548	1.7697
1138	7.4644	21.035	1.3798
1139	0.00011168	0.00024581	2.136e-08
1140	-0.00034609	-0.00021195	7.1161e-08
1141	0.00011168	1.6928e-05	6.3105e-09
1142	0.28372	-1.9632	0.82667
1143	-4.2843	-22.872	0.76428
1144	0.77615	4.5249	1.7177
1145	-1.7631	1.6056	1.0821
1146	-7.7924	-1.614	0.99021
1147	0.93984	0.73574	0.48849
1148	-36.996	-1.1166	0.80513
1149	-6.9508	0.73819	0.33151
1150	3.4147	15.621	1.1122
1151	0.00034056	0.00024581	7.3139e-08
1152	-0.00011721	-0.00021195	1.8114e-08
1153	0.00034056	1.6928e-05	5.809e-08
1154	0.00011168	0.00024581	2.136e-08
1155	-0.00011721	1.6928e-05	6.9438e-09
1156	0.00011168	-0.00021195	1.7481e-08
1157	-2.4176	-2.1123	1.0603
1158	0.090566	-47.779	2.2839
1159	2.1685	6.0197	0.76252
1160	-1.4112	2.0242	0.97942
1161	-6.9825	-0.83212	0.37576
1162	-0.72935	-1.3987	0.5909
1163	-8.1445	-0.44562	1.2889
1164	-9.604	0.27591	1.9884
1165	3.6951	12.722	0.27014
1166	0.00022612	0.00013137	2.9896e-08
1167	-2.7653e-06	-9.7513e-05	2.3834e-09
1168	-0.51816	-1.8828	0.79488
1169	5.0588	-50.396	1.802
1170	4.3864	6.3196	0.93749
1171	-0.1806	0.9965	0.2508
1172	-5.3044	0.61507	0.50104
1173	-1.6753	-2.2692	0.99847
1174	18.884	0.16115	0.096217
1175	-6.8856	-0.31355	0.20807
1176	2.2869	5.6823	0.58931
1177	0.00011168	1.6928e-05	6.3105e-09
1178	-0.00011721	-0.00021195	1.8114e-08
1179	0.00011168	-9.7513e-05	8.6184e-09
1180	-2.7653e-06	1.6928e-05	7.5533e-11
1181	4.2026	-1.1628	1.3369
1182	7.7885	-14.925	1.0988
1183	6.5167	5.7496	1.6052
1184	1.0465	-0.20518	0.50493
1185	-1.8684	1.7086	1.1056
1186	-2.2218	-1.2288	1.3929
1187	33.452	0.68167	1.6778
1188	-2.0472	-0.65384	1.4116
1189	1.0146	2.7065	1.1797
1190	0.00011168	0.00013137	1.0558e-08
1191	-0.00011721	-9.7513e-05	9.2517e-09
1192	0.00011168	1.6928e-05	6.3105e-09
1193	-2.7653e-06	0.00013137	4.3226e-09
1194	-0.00011721	1.6928e-05	6.9438e-09
1195	-2.7653e-06	-9.7513e-05	2.3834e-09
1196	11.91	-0.20498	0.25158
1197	6.6064	18.16	0.1807
1198	5.9647	4.7278	1.945
1199	1.8044	-1.0233	1.1746
1200	-0.71948	1.953	0.85916
1201	-1.63	0.22409	1.0591
1202	25.732	0.84135	0.48172
1203	1.6052	-0.42947	1.0335
1204	0.41689	1.9544	0.82934
1205	5.4455e-05	7.4148e-05	2.8593e-09
1206	-5.9986e-05	-4.0293e-05	2.2063e-09
1207	5.4455e-05	1.6928e-05	1.5551e-09
1208	-2.7653e-06	7.4148e-05	1.3797e-09
1209	-5.9986e-05	1.6928e-05	1.8718e-09
1210	-2.7653e-06	-4.0293e-05	4.1011e-10
1211	13.591	0.7017	0.58954
1212	4.5741	37.095	1.4121
1213	5.3297	3.9128	1.5496
1214	1.477	-1.287	0.94348
1215	-0.65406	0.76203	0.31908
1216	-0.34718	1.343	0.45321
1217	7.714	0.5632	0.88632
1218	1.7512	-0.008667	1.1802
1219	1.0908	4.8916	1.445
1220	2.5845e-05	4.5538e-05	8.5309e-10
1221	-3.1376e-05	-1.1683e-05	5.2661e-10
1222	2.5845e-05	1.6928e-05	4.0585e-10
1223	-2.7653e-06	4.5538e-05	5.2277e-10
1224	-3.1376e-05	1.6928e-05	5.6417e-10
1225	-2.7653e-06	-1.1683e-05	3.7981e-11
1226	10.706	1.3216	1.199
1227	2.7748	24.928	1.4755
1228	3.9948	3.4666	0.49995
1229	0.62348	-0.16198	0.19357
1230	-2.0796	-0.50321	1.4577
1231	0.99723	1.6531	0.78869
1232	-6.6614	0.010212	0.081796
1233	-0.2807	0.3217	0.063937
1234	1.3945	8.8733	0.8448
1235	2.5845e-05	1.6928e-05	4.0585e-10
1236	-3.1376e-05	-4.0293e-05	8.9874e-10
1237	2.5845e-05	-1.1683e-05	3.683e-10
1238	-2.7653e-06	1.6928e-05	7.5533e-11
1239	-3.1376e-05	-1.1683e-05	5.2661e-10
1240	-2.7653e-06	-4.0293e-05	4.1011e-10
1241	3.3472	1.1581	1.6718
1242	1.801	-7.7465	1.1739
1243	1.4427	3.1392	1.0802
1244	-0.33644	0.83083	0.21453
1245	-5.187	-1.1427	0.69132
1246	1.3272	0.8399	0.80069
1247	-18.578	-0.47532	0.17694
1248	-3.1086	0.31129	1.9778
1249	2.1159	10.6	1.2112
1250	1.154e-05	2.6225e-06	6.8338e-11
1251	-1.707e-05	-2.5988e-05	3.1478e-10
1252	1.154e-05	-1.1683e-05	1.0077e-10
1253	-2.7653e-06	2.6225e-06	5.5463e-12
1254	-1.5169	0.5672	0.95106
1255	1.3255	-36.224	1.1133
1256	-0.36618	4.0258	1.8975
1257	-1.0236	0.92917	0.58849
1258	-7.1692	-1.3929	0.66359
1259	0.61016	-0.11558	0.18328
1260	-27.075	-0.63117	1.5104
1261	-6.1026	0.15814	0.031713
1262	3.0242	9.7331	1.8461
1263	1.154e-05	1.6928e-05	1.3832e-10
1264	-1.707e-05	-1.1683e-05	1.7993e-10
1265	1.154e-05	2.6225e-06	6.8338e-11
1266	-2.7653e-06	1.6928e-05	7.5533e-11
1267	-1.707e-05	2.6225e-06	1.4749e-10
1268	-2.7653e-06	-1.1683e-05	3.7981e-11
1269	-0.81321	-0.1121	0.31516
1270	2.2437	-50.354	1.3242
1271	0.13447	4.7463	1.9739
1272	-1.1505	0.63638	0.63305
1273	-8.4216	-0.43987	1.5296
1274	-0.089466	-0.89971	0.19906
1275	-22.02	-0.49576	2.0601
1276	-8.4843	0.012837	1.6074
1277	3.4044	6.0412	0.60018
1278	3.7723	-0.71533	1.7102
1279	4.1396	-33.057	1.1766
1280	2.7711	3.4856	0.2783
1281	-0.041589	-0.17792	0.0087697
1282	-6.5378	0.89724	0.23146
1283	-0.67348	-1.1234	0.45271
1284	-9.0415	0.038348	1.9475
1285	-7.1146	-0.064936	0.33953
1286	2.1127	3.0312	0.72394
1287	8.878	-1.041	1.653
1288	4.8655	-3.9725	1.1541
1289	4.7416	0.958	0.98309
1290	0.94463	-0.82318	0.51086
1291	-4.3751	1.5699	1.1525
1292	-0.90556	-0.82436	0.48506
1293	5.7218	0.49178	0.21239
1294	-3.6807	-0.081972	1.8601
1295	0.38616	0.94001	0.27111
1296	13.612	-0.92462	0.64849
1297	4.4682	20.508	1.0241
1298	4.6646	-0.40951	1.0512
1299	1.4768	-1.3733	0.94804
1300	-1.6738	1.4515	1.0545
1301	-0.85476	-0.4117	0.37145
1302	16.211	0.51514	1.8846
1303	0.23085	-0.064861	0.027566
1304	0.054657	3.3463	1.7159
1305	14.271	-0.45328	1.1773
1306	2.1975	28.293	1.4373
1307	4.2483	2.0619	1.056
1308	0.943	-0.73216	0.48997
1309	-0.95087	0.44273	0.44754
1310	-0.1323	0.10843	0.011658
1311	21.039	0.41527	1.6657
1312	3.5962	-0.02697	1.9015
1313	1.0585	4.2766	1.4917
1314	9.8988	0.038493	1.9139
1315	0.68791	14.595	1.5362
1316	4.0864	4.7689	0.43947
1317	-0.21126	0.22438	0.034536
1318	-2.1393	-0.55171	1.4991
1319	0.52534	0.47363	0.18304
1320	16.804	0.226	1.5222
1321	3.5534	0.015945	1.9195
1322	2.4261	8.2786	1.7049
1323	3.2943	0.45065	1.9414
1324	1.1659	-8.425	0.64491
1325	2.8674	6.2747	0.75005
1326	-1.1798	0.95477	0.70304
1327	-2.6999	-0.95885	1.7061
1328	0.807	0.5442	0.35915
1329	1.5979	-0.058707	1.0277
1330	0.91293	0.019211	0.38884
1331	3.0957	9.3323	1.9737
1332	-2.7582	0.53691	1.8634
1333	3.6912	-24.502	1.1933
1334	2.2944	5.4589	0.51035
1335	-1.6344	0.68214	1.0571
1336	-2.6782	-0.46572	1.8483
1337	0.87148	0.14543	0.3599
1338	-14.858	-0.25946	1.7041
1339	-2.1274	-0.021668	1.5294
1340	2.7818	9.7889	1.7774
1341	-1.1034	0.24568	0.55656
1342	4.749	-32.614	1.2891
1343	1.5459	4.8697	1.0303
1344	-1.1958	-0.11993	0.63545
1345	-2.8376	0.54168	1.8871
1346	0.60966	-0.23063	0.19114
1347	-25.179	-0.24208	0.17421
1348	-3.8285	-0.077797	1.7757
1349	1.1889	9.9331	0.74994
1350	1.0345	-0.28941	0.49995
1351	5.5167	-29.772	1.6545
1352	2.7248	4.8883	0.13843
1353	-0.58347	-0.82385	0.30335
1354	-3.5647	1.1922	1.6101
1355	0.12826	-0.46623	0.061682
1356	-20.965	-0.15923	1.6243
1357	-3.7907	-0.088346	1.7987
1358	0.70872	6.1806	1.2643
1359	2.6299	-0.62514	1.79
1360	4.3956	-16.468	1.2609
1361	3.6335	3.3703	0.3663
1362	0.088639	-1.0525	0.26754
1363	-3.6115	1.5918	1.3879
1364	-0.3606	-0.57912	0.14179
1365	-1.1575	0.007889	0.59874
1366	-2.4919	-0.086523	1.7963
1367	0.59179	1.3498	0.52077
1368	6.603	-0.88325	0.241
1369	3.7179	5.6333	0.4528
1370	4.6705	1.1589	1.0343
1371	0.63826	-0.91116	0.35818
1372	-3.6319	1.1991	1.5873
1373	-0.59873	-0.41376	0.20918
1374	14.426	0.15083	1.335
1375	0.069932	-0.0543	0.0031814
1376	0.50069	1.5813	0.617
1377	10.07	-0.96906	1.6444
1378	2.3708	17.261	1.7471
1379	3.4894	0.564	1.8695
1380	0.73734	-0.30605	0.27717
1381	-3.2427	0.52133	1.9308
1382	-0.2792	-0.11252	0.041786
1383	18.669	0.19012	0.11236
1384	2.3037	-0.022249	1.6703
1385	0.90963	3.5495	1.4989
1386	12.422	-0.57507	0.12972
1387	0.88635	22.535	1.7432
1388	2.4541	0.59132	1.7079
1389	0.37479	0.35649	0.09889
1390	-1.5618	-0.17712	0.9917
1391	0.1051	0.18885	0.014383
1392	8.4252	0.12434	1.5563
1393	3.2555	-0.002047	1.9962
1394	1.8746	9.4338	1.3001
1395	10.254	-0.16271	1.6973
1396	1.7294	16.013	1.1157
1397	2.1479	2.7028	0.82081
1398	-0.14095	0.61728	0.10284
1399	-0.16409	-0.67298	0.12317
1400	0.38746	0.39192	0.10953
1401	-5.3548	0.01591	0.40808
1402	3.4024	0.010357	1.9691
1403	1.9003	15.014	0.93746
1404	8.94	0.12691	1.9012
1405	2.8811	1.6257	1.3979
1406	2.0064	5.7401	0.75267
1407	-0.53565	0.36979	0.1694
1408	-1.2731	-1.0381	0.78289
1409	0.58646	0.39932	0.20021
1410	-15.618	-0.085632	2.0551
1411	3.1485	-0.012502	2.0024
1412	1.2857	16.134	0.95256
1413	3.803	0.29242	1.7759
1414	4.044	-11.624	0.81657
1415	2.5136	7.403	1.419
1416	-0.68236	0.06995	0.22498
1417	-4.0251	-0.64104	1.5746
1418	0.53701	0.18794	0.14842
1419	-22.255	-0.1208	2.0857
1420	1.591	-0.03293	1.0208
1421	0.92958	7.8377	0.57428
1422	2.0329	0.11502	1.4454
1423	4.495	-19.869	1.1226
1424	3.1204	5.6271	0.34107
1425	-0.35279	-0.27035	0.078732
1426	-6.2499	0.14357	0.015469
1427	0.26388	-0.1176	0.037972
1428	-19.572	-0.084354	0.34694
1429	0.048421	-0.04112	0.0015953
1430	0.58369	-0.38507	0.19643
1431	2.8523	-0.083048	1.9588
1432	5.0597	-17.967	0.75
1433	3.9607	2.6995	0.7793
1434	0.033232	-0.49617	0.061497
1435	-5.298	0.81153	0.54302
1436	-0.14286	-0.33522	0.037898
1437	-8.1384	-0.0072612	1.2971
1438	-1.304	-0.039866	0.7369
1439	0.1734	-7.5001	0.46523
1440	8.1308	-0.3572	1.2812
1441	4.2519	-8.9169	1.4687
1442	5.1328	0.41968	0.61635
1443	0.34482	-0.37649	0.092081
1444	-4.1924	0.87827	1.4087
1445	-0.44734	-0.387	0.13203
1446	5.7633	0.069753	0.14146
1447	-1.4283	-0.024508	0.85848
1448	-0.25639	-12.565	1.8693
1449	9.2408	-0.62734	1.9094
1450	2.9363	1.1004	1.6997
1451	6.1193	1.1025	0.30799
1452	0.57709	-0.020466	0.16212
1453	-3.1073	0.54674	1.9281
1454	-0.34166	-0.30315	0.079417
1455	14.383	0.10629	1.2941
1456	-0.62027	-0.01292	0.18641
1457	-0.40632	-8.9104	0.10145
1458	8.6082	-0.67606	1.6266
1459	1.4406	7.5926	0.93572
1460	4.0912	2.5948	0.85401
1461	0.35058	0.2342	0.073719
1462	-2.2352	0.15556	1.6142
1463	0.056188	-0.031542	0.0018275
1464	12.634	0.065573	0.043233
1465	0.47264	-0.0012843	0.10969
1466	-0.52645	-2.2101	0.99438
1467	6.0772	-0.44058	0.077547
1468	0.58275	7.1939	0.70762
1469	1.7945	5.5369	0.84978
1470	0.088195	0.24473	0.018782
1471	-1.7963	-0.26108	1.2206
1472	0.38061	0.22157	0.082982
1473	10.297	0.011848	1.6699
1474	1.3479	-0.001623	0.77941
1475	-0.57113	1.6007	0.64319
1476	1.3113	-0.092971	0.74441
1477	0.48785	2.2907	1.0446
1478	-0.010108	6.1001	1.3978
1479	-0.19989	0.023508	0.020058
1480	-2.6615	-0.32604	1.8653
1481	0.63761	0.3388	0.21956
1482	4.7709	-0.014835	0.94723
1483	1.4569	-0.014684	0.8869
1484	-0.47109	3.254	1.597
1485	-1.6489	0.051567	1.0787
1486	0.92058	-6.0227	1.2746
1487	-0.93086	6.7694	0.96733
1488	-0.36862	-0.18751	0.075405
1489	-2.7816	-0.14342	1.933
1490	0.31382	0.34634	0.077275
1491	0.61439	-0.0071394	0.18298
1492	0.40292	-0.032551	0.080366
1493	-0.30059	-0.017191	0.044931
1494	-2.7352	0.085575	1.9187
1495	1.3884	-12.766	1.2084
1496	0.52677	5.6022	1.5978
1497	-0.2979	-0.33601	0.070951
1498	-3.7874	0.041363	1.8018
1499	-0.14037	0.13996	0.014691
1500	-2.5789	0.0029729	1.8475
1501	-0.69289	-0.040769	0.23104
1502	-0.11584	-2.8617	1.4366
1503	-1.4321	0.039347	0.86233
1504	2.633	-12.447	0.33128
1505	3.4094	3.494	0.25066
1506	-0.13994	-0.42116	0.053412
1507	-4.9383	0.22015	0.78486
1508	-0.48178	-0.077931	0.11523
1509	-2.8107	0.015472	1.9477
1510	-1.1882	-0.038501	0.62715
1511	0.018322	-3.5207	1.7978
1512	0.50212	-0.19082	0.13147
1513	3.5843	-8.0894	1.7836
1514	5.6727	1.0356	0.39898
1515	0.057468	-0.27923	0.021068
1516	-5.4492	0.31226	0.35186
1517	-0.53398	-0.22431	0.1501
1518	1.7189	0.023053	1.1483
1519	-1.0836	-0.035679	0.53232
1520	0.066925	-3.9745	1.9475
1521	3.073	-0.40657	1.9591
1522	4.9808	-4.2361	1.2731
1523	4.9778	0.055439	0.74407
1524	0.17526	-0.062105	0.016277
1525	-4.7053	0.35394	1.0124
1526	-0.45952	-0.2396	0.11663
1527	6.0626	0.03926	0.033787
1528	-0.75269	-0.029008	0.27045
1529	-0.093169	-3.4937	1.7828
1530	6.0087	-0.55525	0.11977
1531	4.751	-0.88982	0.97467
1532	2.6742	3.3634	0.35956
1533	0.1857	0.11159	0.020262
1534	-2.4147	0.32774	1.7288
1535	-0.30453	-0.12674	0.049867
1536	6.8664	0.037974	0.17742
1537	0.17215	-0.021121	0.014899
1538	-0.23629	-0.662	0.1325
1539	6.7392	-0.51231	0.17186
1540	4.187	0.76809	1.4339
1541	1.8021	7.2801	1.1108
1542	0.09372	0.19632	0.013978
1543	-0.51351	0.18687	0.13664
1544	-0.087448	0.089192	0.0058056
1545	5.715	0.021065	0.16538
1546	0.89128	-0.014327	0.37182
1547	-0.31231	2.1294	0.93927
1548	6.8893	-0.22367	0.20027
1549	3.638	1.1426	1.6112
1550	1.1715	9.5769	0.68004
1551	-0.076759	0.19018	0.011957
1552	0.3735	-0.017493	0.069052
1553	0.15553	0.23037	0.025169
1554	2.6203	0.0029264	1.8689
1555	1.259	-0.021279	0.69367
1556	-0.35726	3.7811	1.8397
1557	5.8037	-0.026745	0.12136
1558	2.324	-2.0304	1.0945
1559	2.1597	8.8225	1.5755
1560	-0.20112	-0.0083921	0.020184
1561	0.48955	-0.14495	0.12215
1562	0.31253	0.17501	0.055751
1563	0.23264	-0.010908	0.026981
1564	0.53303	-0.024894	0.13893
1565	-0.34274	3.1022	1.5518
1566	4.902	-0.021368	0.81759
1567	0.74317	-6.0861	1.3021
1568	3.4782	4.8618	0.10616
1569	-0.27628	-0.17971	0.045708
1570	-0.9738	-0.084006	0.43907
1571	0.35681	0.12537	0.066699
1572	-1.8574	-0.020303	1.2835
1573	-0.25763	-0.02212	0.033138
1574	-0.1748	0.051527	0.015901
1575	2.661	-0.025443	1.8884
1576	1.0572	-9.2818	0.54967
1577	4.8452	-0.4697	0.88073
1578	-0.197	-0.32192	0.044674
1579	-2.3212	0.016585	1.6833
1580	0.2432	0.053558	0.030138
1581	-2.6741	-0.01577	1.8945
1582	-0.85683	-0.017568	0.3454
1583	-0.027003	-2.6069	1.2708
1584	1.8564	-0.21194	1.2795
1585	1.2186	-8.3101	0.70082
1586	5.7579	-3.241	1.582
1587	-0.019904	-0.29432	0.021794
1588	-4.0926	0.16149	1.5813
1589	0.022717	-0.030428	0.00048978
1590	-1.4421	-0.0066805	0.87221
1591	-1.0737	-0.013918	0.52345
1592	0.10462	-2.9226	1.4753
1593	1.9795	-0.39616	1.3829
1594	1.8863	-4.7671	0.70442
1595	4.4554	0.14057	1.2579
1596	0.13103	-0.19756	0.018245
1597	-4.7866	0.24665	0.93268
1598	-0.18454	-0.08809	0.018897
1599	0.19065	0.00269	0.01813
1600	-0.48897	-0.015372	0.11729
1601	0.12341	-1.7731	0.69145
1602	2.8035	-0.54238	1.8769
1603	3.3431	-2.4172	0.86909
1604	2.8065	7.0702	1.2818
1605	0.18757	-0.060486	0.018448
1606	-5.2978	0.1814	0.45902
1607	-0.29973	-0.094137	0.046724
1608	1.5903	0.010514	1.0202
1609	0.25745	-0.017596	0.033048
1610	0.012169	-0.57568	0.081864
1611	4.3425	-0.60975	1.3332
1612	4.522	-0.21654	1.1921
1613	0.78721	11.447	1.201
1614	0.18507	0.033363	0.017358
1615	-5.4032	0.054554	0.3706
1616	-0.18044	-0.061671	0.01718
1617	1.6913	0.014498	1.1209
1618	0.70794	-0.013968	0.24046
1619	-0.11512	0.80874	0.16484
1620	4.4975	-0.36166	1.2114
1621	5.2461	-0.82563	0.58259
1622	-0.61255	9.7302	0.34714
1623	0.096546	0.067012	0.0057776
1624	-5.1811	-0.060298	0.55541
1625	-0.013575	-0.0041982	9.6592e-05
1626	1.3825	0.010446	0.81331
1627	0.92844	-0.010926	0.40115
1628	-0.23396	1.723	0.66499
1629	3.4736	-0.054254	1.9477
1630	5.7262	-3.2789	1.5881
1631	0.7522	4.8175	1.7107
1632	-0.0027445	0.077476	0.0015055
1633	-4.5503	-0.1228	1.166
1634	0.13781	0.04809	0.010059
1635	0.4261	0.003292	0.089462
1636	0.58136	-0.0097205	0.16439
1637	-0.20062	1.5994	0.58339
1638	2.0001	0.057656	1.4169
1639	3.4206	-5.1622	0.16995
1640	3.0092	-0.82698	1.829
1641	-0.087681	0.059392	0.0047226
1642	-4.0705	-0.09342	1.6015
1643	0.18381	0.082906	0.018544
1644	-0.53212	-0.0042223	0.13834
1645	-0.016771	-0.010935	0.00017062
1646	-0.14818	0.87883	0.19606
1647	0.29012	-0.11113	0.044773
1648	0.35912	-6.1111	1.3663
1649	4.9831	-3.2443	1.1858
1650	-0.092977	0.04136	0.0047476
1651	-3.7414	-0.011915	1.8289
1652	0.16959	0.098737	0.016758
1653	-1.1727	-0.008217	0.61271
1654	-0.53173	-0.008347	0.13815
1655	-0.10106	0.13347	0.0095371
1656	-1.2317	-0.25342	0.67305
1657	-1.4404	-6.6381	1.0139
1658	6.9223	0.38845	0.23949
1659	-0.054943	0.023137	0.0016435
1660	-4.0763	0.13547	1.5955
1661	0.091789	0.068907	0.0053948
1662	-1.1671	-0.0054792	0.60748
1663	-0.61873	-0.0052561	0.18548
1664	-0.036148	-0.5538	0.076381
1665	-1.6852	-0.30822	1.1122
1666	0.88506	-5.2044	1.5506
1667	7.7391	5.2271	1.1192
1668	-0.0014169	0.0081088	1.7459e-05
1669	-4.1683	0.21289	1.5162
1670	-0.025433	0.019878	0.0004224
1671	-1.0552	0.0011532	0.50726
1672	-0.52061	-0.0040558	0.13256
1673	-0.00010943	-0.7102	0.12359
1674	-0.43677	-0.24184	0.10716
1675	4.6523	-3.3142	0.96624
1676	6.1988	8.6994	0.040722
1677	0.04499	-0.0061892	0.001022
1678	-2.7168	0.24719	1.8991
1679	-0.11889	-0.036154	0.0073879
1680	-0.62357	0.0072748	0.18831
1681	-0.085369	-0.0044186	0.0036484
1682	-0.017728	-0.7046	0.12183
1683	0.99936	-0.023273	0.45948
1684	6.0052	-2.2643	1.0394
1685	2.576	10.192	1.5366
1686	0.061247	-0.013405	0.0019208
1687	-1.0501	0.24642	0.51032
1688	-0.13534	-0.066653	0.01025
1689	0.25165	0.011704	0.031545
1690	0.33846	-0.0063664	0.056771
1691	-0.051827	-0.50436	0.064246
1692	1.5905	0.16121	1.0202
1693	4.3496	-2.5341	0.92851
1694	0.40658	10.478	0.63193
1695	0.045147	-0.011306	0.0010514
1696	0.64667	0.13915	0.20588
1697	-0.098852	-0.078687	0.0064258
1698	0.9697	0.012536	0.43471
1699	0.52476	-0.0069313	0.13464
1700	-0.075538	0.079341	0.0044235
1701	0.84332	0.27117	0.3474
1702	2.61	-2.7433	0.69267
1703	0.99584	8.1094	0.5528
1704	-0.0034851	-0.0053263	1.3175e-05
1705	1.1895	0.028202	0.62827
1706	-0.030647	-0.072056	0.0017682
1707	1.0611	0.0068987	0.51237
1708	0.43676	-0.0071499	0.093931
1709	-0.068743	0.57913	0.084934
1710	-0.18698	0.14571	0.022654
1711	1.6042	-2.1635	1.0032
1712	3.4933	6.0829	0.63713
1713	-0.044629	0.0015956	0.00099683
1714	-1.6887	-0.046745	1.1183
1715	0.039499	-0.03497	0.0010862
1716	0.94562	-0.0013627	0.41498
1717	0.23261	-0.0047072	0.026951
1718	-0.058525	0.75878	0.14213
1719	-1.0387	0.013423	0.49291
1720	2.0379	-1.8564	1.1168
1721	5.2556	4.3201	1.5266
1722	-0.063557	0.005649	0.0020281
1723	-5.1173	-0.039468	0.61278
1724	0.074154	0.021263	0.0028624
1725	0.80605	-0.0067419	0.30782
1726	-0.15594	-0.0030358	0.012142
1727	-0.0398	0.7163	0.12637
1728	-1.3753	-0.062014	0.80637
1729	2.7025	-4.0628	0.13329
1730	6.6572	2.4566	1.1667
1731	-0.034318	0.0044739	0.00059412
1732	-7.3084	0.011831	0.49442
1733	0.070548	0.060858	0.0034131
1734	0.34454	-0.0092305	0.05882
1735	-0.44654	-0.0024132	0.098106
1736	-0.017501	0.29714	0.022163
1737	-1.3745	-0.069139	0.8057
1738	4.7683	-5.1995	1.0605
1739	6.011	2.3049	1.0671
1740	0.0082553	0.002696	3.5911e-05
1741	-6.0901	0.10007	0.030307
1742	0.04384	0.071309	0.0022323
1743	-0.14176	-0.0072892	0.010049
1744	-0.47944	-0.001152	0.11281
1745	-0.024323	-0.17129	0.0076271
1746	-1.1264	0.026849	0.57052
1747	5.6835	-5.4571	1.6377
1748	4.3238	1.8859	1.0946
1749	0.042419	-0.0022071	0.00090123
1750	-3.5084	0.14879	1.9314
1751	0.018517	0.049504	0.00078464
1752	-0.54896	-0.0025527	0.14701
1753	-0.28584	-0.0013962	0.040596
1754	-0.031078	-0.47958	0.057463
1755	-0.44927	0.11086	0.10206
1756	5.6638	-4.7159	1.8127
1757	1.7238	4.745	0.85744
1758	0.065679	-0.0070624	0.0021696
1759	-1.3494	0.12051	0.78164
1760	-0.015338	0.0041433	0.00012198
1761	-0.76003	0.001255	0.27533
1762	0.024167	-0.0050607	0.00029857
1763	-0.039246	-0.34822	0.030939
1764	0.29273	0.16993	0.049472
1765	4.0791	-3.5287	0.53484
1766	-0.97634	7.3684	0.74637
1767	0.024359	-0.010526	0.00032453
1768	0.090408	0.082944	0.0058002
1769	-0.034849	-0.036174	0.00093471
1770	-0.49222	0.0034329	0.11878
1771	0.26803	-0.0085494	0.035742
1772	-0.052433	-0.10198	0.003973
1773	0.88658	0.13155	0.37087
1774	1.9839	-2.4653	0.9336
1775	0.27326	7.4868	0.48508
1776	-0.024725	-0.012194	0.000343
1777	1.3196	0.016369	0.75191
1778	-0.033022	-0.051407	0.0012063
1779	-0.08114	0.00096291	0.0032919
1780	0.28173	-0.0097069	0.039467
1781	-0.061331	0.11963	0.0054534
1782	1.0016	0.055313	0.46167
1783	0.41384	-0.76674	0.21591
1784	1.822	4.7254	0.76277
1785	-0.051817	-0.0088253	0.0013623
1786	1.4389	-0.039905	0.86905
1787	-0.026274	-0.013903	0.00039366
1788	0.27439	-0.0011781	0.037428
1789	0.12974	-0.0090053	0.0084285
1790	-0.063966	0.20519	0.012543
1791	0.81217	0.0066225	0.31224
1792	-0.29054	0.0093453	0.041953
1793	2.653	2.3979	0.89328
1794	-0.069166	-0.0017733	0.002393
1795	0.94966	-0.01277	0.41829
1796	-0.0094196	0.022169	0.00016737
1797	0.36976	-0.0026191	0.06762
1798	-0.073988	-0.0086074	0.0027557
1799	-0.041019	0.12054	0.0044724
1800	0.038334	-0.012918	0.00077676
1801	-0.8047	0.67348	0.38409
1802	3.8671	0.13772	1.7484
1803	-0.037561	0.0031911	0.00070823
1804	0.3308	0.057511	0.055027
1805	0.012641	0.037126	0.00042482
1806	0.090478	-0.0034179	0.0040953
1807	-0.20527	-0.0082255	0.021021
1808	-0.017266	-0.04921	0.00075497
1809	-0.62864	-0.029049	0.19144
1810	-0.79846	0.95583	0.45598
1811	3.3813	0.28439	1.9547
1812	-0.0003228	0.0057334	8.2783e-06
1813	-0.36706	0.11982	0.07
1814	0.024393	0.027231	0.00048316
1815	-0.24416	-0.0029167	0.029677
1816	-0.2409	-0.0080155	0.028907
1817	0.0044725	-0.18	0.0081074
1818	-0.93267	-0.034303	0.4047
1819	-0.60996	0.51546	0.23434
1820	3.5698	1.542	1.4242
1821	0.031805	0.0053613	0.00051318
1822	-0.7354	0.16457	0.26359
1823	0.013252	0.0075343	0.00010206
1824	-0.41175	-0.0013193	0.083619
1825	-0.16308	-0.0045559	0.013281
1826	0.015762	-0.21749	0.011937
1827	-0.55679	-0.015917	0.15117
1828	-0.22142	-0.088511	0.026338
1829	2.6947	4.9976	0.17477
1830	0.03858	0.0027295	0.00074633
1831	-0.5782	0.12372	0.16584
1832	0.00053485	-0.013681	4.6984e-05
1833	-0.4124	0.00092804	0.083881
1834	-0.028678	-0.0040993	0.0004156
1835	0.016544	-0.20745	0.010886
1836	0.12843	0.0026587	0.0082416
1837	0.12475	-0.60164	0.096308
1838	1.0826	7.4589	0.76434
1839	0.034444	0.0009057	0.00059365
1840	-0.30892	0.048865	0.047931
1841	-0.010879	-0.025245	0.00021867
1842	-0.16902	0.002873	0.014259
1843	0.098356	-0.0027189	0.0048373
1844	-0.00096797	-0.11685	0.0034153
1845	0.62625	0.015801	0.18992
1846	0.35599	-0.79687	0.20779
1847	-0.19848	8.4907	0.075673
1848	0.011349	0.00085269	6.4618e-05
1849	0.15262	-0.017167	0.011703
1850	-0.011787	-0.013454	0.00011479
1851	0.12732	0.0035668	0.0081018
1852	0.12995	-0.0014708	0.0084363
1853	-0.018663	0.05039	0.00080948
1854	0.74964	0.0083405	0.26822
1855	0.31529	-0.70269	0.16441
1856	0.13603	8.1288	0.16434
1857	-0.01894	0.00093381	0.00017966
1858	0.513	-0.029343	0.12898
1859	-0.01075	0.0017478	5.8577e-05
1860	0.29518	0.0017778	0.043274
1861	0.11033	-0.0019217	0.0060837
1862	-0.026053	0.13877	0.0051534
1863	0.34138	-0.0059092	0.057743
1864	0.081687	-0.29825	0.02544
1865	0.8007	6.571	1.0568
1866	-0.033935	0.0028612	0.00057809
1867	0.56456	-0.0066003	0.15526
1868	-0.0018671	0.014064	5.1241e-05
1869	0.39678	0.00014542	0.077728
1870	0.023539	-0.0057616	0.00028547
1871	-0.024518	0.15517	0.0063183
1872	-0.095312	-0.020969	0.0046506
1873	-0.13841	0.17993	0.017582
1874	1.3473	5.4933	1.1712
1875	-0.040495	0.0035596	0.0008234
1876	0.17715	0.028619	0.01586
1877	0.0068069	0.019064	0.00011413
1878	0.36191	-0.0011358	0.064813
1879	-0.071962	-0.0072611	0.0026026
1880	-0.01312	0.083863	0.0018454
1881	-0.40178	-0.023934	0.079805
1882	-0.31189	0.5379	0.11636
1883	2.2758	3.4805	0.50062
1884	-0.034456	0.0026889	0.00059566
1885	-0.25667	0.073091	0.034067
1886	0.012216	0.014188	0.00012503
1887	0.15552	-0.0016695	0.012076
1888	-0.097462	-0.0064636	0.0047584
1889	0.0020043	-0.042001	0.00044344
1890	-0.403	-0.015539	0.080207
1891	-0.32398	0.65597	0.15232
1892	2.6772	1.968	1.1621
1893	-0.0073913	0.0027474	2.9218e-05
1894	-0.42657	0.086349	0.091352
1895	0.0089982	0.0039955	4.4499e-05
1896	-0.10379	-0.00057904	0.0053841
1897	-0.057131	-0.0060418	0.0016415
1898	0.014571	-0.14472	0.0053426
1899	-0.21161	-0.005164	0.022323
1900	-0.22688	0.4602	0.07683
1901	2.338	3.3797	0.49719
1902	0.0197	0.003299	0.00019685
1903	-0.50183	0.075365	0.1246
1904	0.0017847	-0.0068749	1.3421e-05
1905	-0.29588	0.00074627	0.043476
1906	0.0061847	-0.0029901	2.1372e-05
1907	0.02095	-0.13932	0.0050717
1908	0.13867	0.0025372	0.0096062
1909	-0.083944	0.045974	0.00405
1910	1.9524	3.9672	0.6533
1911	0.038959	0.0027815	0.00076112
1912	-0.39553	0.065578	0.078239
1913	-0.005036	-0.013324	5.7114e-05
1914	-0.33269	0.0016941	0.054861
1915	0.058061	0.00049748	0.001686
1916	0.014024	-0.11044	0.0031489
1917	0.39715	0.0036138	0.077875
1918	0.075468	-0.31675	0.02778
1919	3.2829	4.3913	0.018133
1920	0.019764	0.0026429	0.00019715
1921	-0.14975	0.041198	0.011617
1922	-0.0090388	-0.017436	0.00011695
1923	-0.20099	0.0019638	0.020142
1924	0.074198	0.0024457	0.0027543
1925	0.003407	-0.07392	0.0013729
1926	0.48113	-0.0034448	0.11359
1927	0.17251	-0.54379	0.086861
1928	3.8686	2.7481	0.73377
1929	-0.011449	0.0030081	6.784e-05
1930	0.24514	0.025664	0.030072
1931	-0.0082741	-0.013056	7.6902e-05
1932	0.042262	0.0015781	0.00089398
1933	0.036056	0.002128	0.00065142
1934	-0.0067967	0.0018765	2.399e-05
1935	0.33772	-0.011008	0.056545
1936	0.20369	-0.3488	0.050351
1937	3.3638	1.0374	1.7276
1938	-0.031501	0.002448	0.00049785
1939	0.50985	0.017643	0.12732
1940	-0.0016777	-0.00097356	1.6453e-06
1941	0.25037	0.00098938	0.031195
1942	-0.014433	0.00038344	0.00010425
1943	-0.014234	0.066563	0.0012098
1944	0.087719	-0.014595	0.0038999
1945	0.071413	0.013236	0.0025938
1946	1.2567	-0.57454	0.71663
1947	-0.023319	0.0022272	0.00027326
1948	0.34799	0.026917	0.060141
1949	0.0052499	0.010027	3.8948e-05
1950	0.40861	0.00060406	0.082369
1951	-0.055938	-0.0028873	0.001567
1952	-0.015035	0.09127	0.0021967
1953	-0.16048	-0.016203	0.012921
1954	-0.064262	0.31876	0.027334
1955	0.39903	-0.98865	0.29498
1956	-0.0060424	0.00281	2.024e-05
1957	0.086941	0.041097	0.0041999
1958	0.0072114	0.012092	6.2606e-05
1959	0.26642	0.00027754	0.035299
1960	-0.087366	-0.0050976	0.0038224
1961	-0.012619	0.075544	0.0015074
1962	-0.21568	-0.0119	0.023216
1963	-0.15006	0.38616	0.047913
1964	-0.15347	1.3425	0.42504
1965	0.012792	0.0031721	8.4371e-05
1966	-0.15411	0.037357	0.012203
1967	0.0026774	0.0095107	2.6222e-05
1968	0.030798	9.2997e-05	0.00047446
1969	-0.064597	-0.0055372	0.0020944
1970	-0.0052945	0.031162	0.00025703
1971	-0.23063	-0.0085695	0.02651
1972	-0.1585	0.21838	0.024303
1973	0.45949	4.8023	1.8733
1974	0.024011	0.0025493	0.00029002
1975	-0.2052	0.023872	0.021131
1976	-0.0028042	0.0038988	7.7379e-06
1977	-0.1748	-8.4707e-05	0.015246
1978	0.015329	-0.0030706	0.00011991
1979	0.0028514	-0.026295	0.00017708
1980	-0.22523	-0.0025261	0.025272
1981	-0.027512	-0.02673	0.00055736
1982	1.6483	6.9184	1.0265
1983	0.018886	0.0011017	0.00017874
1984	-0.090659	0.016598	0.0041775
1985	-0.0062661	-0.0039245	2.3496e-05
1986	-0.29654	-0.00019052	0.043667
1987	0.080678	0.00010992	0.0032543
1988	0.0049007	-0.066182	0.0011079
1989	-0.10952	0.00047845	0.0059947
1990	0.091515	-0.23481	0.017895
1991	2.6907	7.8856	1.7015
1992	0.0088067	0.0017951	3.9605e-05
1993	0.023117	0.0028864	0.00026941
1994	-0.004172	-0.0074273	2.2512e-05
1995	-0.15077	-0.00010943	0.011349
1996	0.11989	0.0019221	0.0071832
1997	0.0052725	-0.079658	0.0016014
1998	0.070088	-0.0018267	0.0024572
1999	0.12215	-0.20443	0.017817
2000	2.9167	5.9075	0.5137
