1	33.333	67.397	2.1208
2	88.271	5.509	3.6507
3	-551.22	-334.64	104.89
4	-251.48	-553.22	93.383
5	167.68	-173.83	15.231
6	71.362	-346.21	32.847
7	553.87	78.01	79.11
8	167.49	-591.41	94.937
9	-3.764	-217.79	12.051
10	205.62	-451.31	62.528
11	-583.84	38.384	86.957
12	-83.596	218.32	14.359
13	576.85	-195.33	93.371
14	-140.25	295.98	27.66
15	262.58	580.93	102.79
16	-76.437	65.367	3.8431
17	482.82	-460.27	112.08
18	-507.5	411.16	107.67
19	-212.45	-40.661	13.037
20	255.23	-56.65	17.572
21	33.333	67.397	2.1208
22	-275.56	-332.32	48.094
23	-238.08	-299.78	37.701
24	167.63	-137.82	12.344
25	67.003	-194.92	12.095
26	383.3	77.793	39.213
27	119.64	-307.47	28.986
28	138.02	-435.41	52.18
29	-346.09	41.832	31.61
30	365.77	-77.478	35.99
31	173.26	427.55	54.87
32	335.95	-321.45	55.489
33	-334.25	388.95	66.706
34	-189.3	-23.548	10.505
35	273.33	307.4	42.472
36	-206.67	-172.6	19.818
37	273.33	67.397	19.952
38	33.333	307.4	24.619
39	-206.67	67.397	13.484
40	33.333	-172.6	8.4233
41	33.333	67.397	2.1208
42	29.63	-146.29	6.3614
43	-144.36	-30.458	7.3297
44	157.79	-66.884	9.0882
45	54.988	-51.994	2.4259
46	154.71	76.524	7.901
47	43.072	-24.977	1.3908
48	56.684	-388.21	39.849
49	47.4	49.118	1.2174
50	12.295	46.378	1.3909
51	74.178	187.68	10.932
52	60.962	-112.01	4.8336
53	-19.794	360.9	34.098
54	-119.27	10.878	4.4257
55	33.623	61.653	2.7836
56	310.34	43.314	26.098
57	-29.816	221.76	13.545
58	131.48	14.532	5.962
59	42.324	81.692	3.1466
60	-88.783	64.306	3.9488
61	-25.549	266.09	18.002
62	-17.558	-128.67	5.4896
63	401.25	55.67	42.084
64	-300.96	158.89	29.365
65	-25.47	-52.856	0.96616
66	-190.11	84.276	11.764
67	288.14	239.75	35.499
68	-40.883	59.684	2.1014
69	15.513	54.93	2.222
70	347.73	143.85	36.613
71	28.919	281.67	20.794
72	92.525	81.448	4.8749
73	22.849	177.93	9.692
74	-286.57	28.202	22.086
75	-54.806	431.25	48.077
76	-87.262	141.17	7.307
77	578.39	38.51	85.479
78	-440.1	181.86	58.631
79	-115.05	-269.1	22.333
80	-228.09	155.83	19.77
81	373.6	18.446	36.839
82	30.404	56.608	2.3965
83	214.53	187.14	20.686
84	-265.47	-292.86	40.065
85	214.53	-52.856	12.616
86	-25.47	187.14	9.0429
87	-265.47	-52.856	19.322
88	-25.47	-292.86	21.693
89	0.97486	10.025	0.63643
90	190.05	113.45	13.246
91	26.227	221.87	13.028
92	54.608	121.26	5.2022
93	-16.746	60.013	1.9826
94	-349.31	-16.398	32.039
95	-62.436	316.29	27.747
96	-116.84	210.66	15.293
97	472.93	17.861	57.118
98	-433.23	122.66	51.365
99	-155.26	-361.79	39.696
100	-104.77	36.631	4.4091
101	246.67	-69.024	17.408
102	51.282	1.6706	1.4582
103	-12.088	-30.323	2.0236
104	-39.704	12.485	1.0853
105	12.869	1.7922	0.75694
106	-78.647	-6.4011	2.3726
107	-167.31	-289.26	28.26
108	240.97	250.02	31.534
109	-239.03	-229.98	27.796
110	240.97	10.025	15.958
111	0.97486	250.02	16.264
112	-239.03	10.025	14.639
113	0.97486	-229.98	13.81
114	-18.94	-58.052	2.9066
115	-4.3375	-260.54	17.817
116	-401.91	-12.348	42.171
117	273.09	-113.83	23.242
118	-87.705	-209.55	14.74
119	120.97	130.02	8.8695
120	-119.03	-109.98	8.2349
121	120.97	10.025	4.7002
122	0.97486	130.02	5.6035
123	-119.03	10.025	3.9172
124	0.97486	-109.98	4.4247
125	-12.948	-56.925	2.6236
126	16.759	-290.6	22.041
127	-599.67	-17.923	91.91
128	435.06	-161.45	54.808
129	11.375	-46.384	1.5009
130	60.975	70.025	3.3618
131	-59.025	-49.975	1.9362
132	60.975	10.025	2.1502
133	0.97486	70.025	1.8157
134	-59.025	10.025	2.4413
135	0.97486	-49.975	2.0235
136	0.76369	-7.8228	0.48776
137	14.543	-108.2	4.1543
138	-586.73	-12.304	86.553
139	373.74	-92.19	37.343
140	84.328	98.606	5.9297
141	13.07	36.246	0.60145
142	-13.389	104.17	3.8698
143	-314.42	-1.0911	25.022
144	136.81	20.863	5.875
145	125.03	173.56	13.228
146	60.764	52.177	2.9346
147	-59.236	-67.823	2.4234
148	60.764	-7.8228	2.2869
149	0.76369	52.177	1.1798
150	-59.236	-7.8228	2.5491
151	0.76369	-67.823	2.6354
152	17.882	36.561	0.9875
153	-43.914	230.7	13.817
154	96.594	8.3288	3.9965
155	-168.08	122.37	11.805
156	128.15	161.81	11.847
157	30.764	22.177	2.154
158	-29.236	-37.823	1.5478
159	30.764	-7.8228	0.67128
160	0.76369	22.177	1.8451
161	-29.236	-7.8228	1.6468
162	0.76369	-37.823	1.3876
163	18.904	10.526	0.71802
164	-57.708	314.33	26.814
165	429.83	12.36	46.575
166	-380.63	186.44	46.785
167	57.625	103.95	4.6833
168	15.764	7.1772	1.4292
169	-14.236	-22.823	1.0909
170	15.764	-7.8228	1.8069
171	0.76369	7.1772	0.75679
172	-14.236	-7.8228	1.1383
173	0.76369	-22.823	1.7868
174	13.408	-27.067	0.58932
175	-38.879	189.39	10.495
176	569.11	7.0657	82.232
177	-267.9	96.312	21.605
178	-36.317	-54.703	1.9736
179	8.2637	-0.32281	1.4051
180	-6.7363	-15.323	1.2139
181	8.2637	-7.8228	1.3234
182	0.76369	-0.32281	0.29662
183	1.8471	-51.585	1.759
184	-7.2737	68.716	2.2511
185	405.94	-0.86278	42.839
186	-14.422	-48.017	1.3972
187	-112.28	-178.58	11.566
188	8.2637	7.1772	1.1713
189	-6.7363	-7.8228	0.36979
190	8.2637	-0.32281	1.4051
191	0.76369	7.1772	0.75679
192	-6.7363	-0.32281	0.13561
193	-11.821	-45.438	0.99553
194	11.051	-40.549	1.4923
195	-53.626	-7.6556	2.3631
196	222.77	-130.79	17.5
197	-170.45	-237.04	22.618
198	0.76369	7.1772	0.75679
199	-14.236	-7.8228	1.1383
200	0.76369	-0.32281	0.29662
201	-6.7363	7.1772	0.70527
202	-14.236	-0.32281	1.1471
203	-6.7363	-7.8228	0.36979
204	-20.666	-19.148	1.3351
205	11.419	-116.93	4.2301
206	-451.35	-7.6241	51.625
207	293.58	-103.17	25.09
208	-160.13	-225.12	19.575
209	-2.9863	3.4272	0.26124
210	-10.486	-4.0728	0.5607
211	-2.9863	-0.32281	1.9646
212	-6.7363	3.4272	1.6913
213	-10.486	-0.32281	1.5024
214	-6.7363	-4.0728	1.884
215	-23.775	11.126	1.1751
216	-14.176	-119.77	4.5984
217	-503.74	-5.0858	64.864
218	215.94	-43.575	13.687
219	-61.104	-79.479	3.66
220	-4.8613	1.5522	0.93889
221	-8.6113	-2.1978	1.0312
222	-4.8613	-0.32281	0.86142
223	-6.7363	1.5522	0.60217
224	-8.6113	-0.32281	1.6877
225	-6.7363	-2.1978	0.99753
226	-20.871	34.767	1.7825
227	-41.965	-91.663	3.3676
228	-154.81	-1.6082	7.2619
229	31.331	43.496	0.93083
230	55.691	65.823	3.4059
231	-5.7988	0.61469	0.20582
232	-7.6738	-1.2603	0.90249
233	-5.7988	-0.32281	0.14642
234	-6.7363	0.61469	0.19595
235	-7.6738	-0.32281	0.84019
236	-6.7363	-1.2603	0.44667
237	-11.036	33.721	1.3035
238	-54.284	-41.576	1.8927
239	270.56	2.9757	19.775
240	-151.92	110.68	10.247
241	120.65	159.37	10.718
242	-6.2676	0.14594	0.015267
243	-0.82483	11.559	1.2468
244	-35.039	25.628	2.1328
245	600	5.7252	90.392
246	-297.32	127.55	26.908
247	57.813	110.51	5.1667
248	-5.7988	0.61469	0.20582
249	-6.7363	-0.32281	0.13561
250	-5.7988	0.14594	0.12816
251	-6.2676	0.61469	0.10301
252	-6.7363	0.14594	0.11705
253	-6.2676	-0.32281	0.035905
254	6.2146	-9.7512	0.21683
255	-10.08	82.191	2.7158
256	513.53	5.8895	66.875
257	-233.67	90.191	16.47
258	-34.725	16.905	2.1795
259	-6.0332	0.38031	0.075049
260	-6.5019	-0.088438	0.036308
261	-6.0332	0.14594	0.045348
262	-6.2676	0.38031	0.045916
263	-6.5019	0.14594	0.039596
264	-6.2676	-0.088438	0.011899
265	5.9053	-21.774	2.0119
266	8.5054	128.47	4.5589
267	229.18	4.3375	13.151
268	-30.328	12.079	1.5607
269	-108.33	-82.919	5.6805
270	-6.0332	0.14594	0.045348
271	-6.5019	-0.32281	0.059745
272	-6.0332	-0.088438	0.042085
273	-6.2676	0.14594	0.015267
274	-6.5019	-0.088438	0.036308
275	-6.2676	-0.32281	0.035905
276	-2.0675	-23.18	0.76571
277	-1.6597	133.71	5.5551
278	-116.01	-0.11484	5.3361
279	176.89	-52.572	9.015
280	-144.33	-160.99	11.961
281	-6.1504	0.02875	0.018469
282	-6.3847	-0.20563	0.025852
283	-6.1504	-0.088438	0.020203
284	-6.2676	0.02875	0.01015
285	-11.887	-4.7811	1.7967
286	-25.727	67.987	2.8031
287	-375.24	-3.1565	36.091
288	324.3	-75.66	27.975
289	-126.6	-139.78	9.9631
290	-6.1504	0.14594	0.023542
291	-6.3847	-0.088438	0.01729
292	-6.1504	0.02875	0.018469
293	-6.2676	0.14594	0.015267
294	-6.3847	0.02875	0.01555
295	-6.2676	-0.088438	0.011899
296	-16.289	13.919	0.35064
297	-47.483	-11.705	1.2138
298	-370.75	-4.8804	36.322
299	388.39	-41.429	39.346
300	-57.726	-81.028	3.1933
301	-6.209	0.087344	0.014294
302	-6.3261	-0.029844	0.011151
303	-6.209	0.02875	0.012597
304	-6.2676	0.087344	0.011851
305	-6.3261	0.02875	0.011134
306	-6.2676	-0.029844	0.010166
307	-15.692	25.031	1.6266
308	-50.877	-72.461	2.498
309	-111.46	-3.2472	4.0675
310	299.73	46.694	23.995
311	33.659	13.404	0.70624
312	-6.2383	0.058047	0.01158
313	-6.2969	-0.00054694	0.010006
314	-11.231	24.835	1.1208
315	-33.239	-121.99	4.9623
316	148.1	1.289	7.0358
317	10.15	109.11	3.8653
318	108.96	94.628	5.884
319	-6.2676	0.02875	0.01015
320	-6.3261	-0.029844	0.011151
321	-6.2676	-0.00054694	0.0099428
322	-5.5677	21.789	1.8474
323	-11.81	-101.43	4.2329
324	322.98	5.3665	26.434
325	-239.52	152.87	20.975
326	134.28	143.44	11.081
327	-6.2383	0.02875	0.010945
328	-6.2969	-0.029844	0.010229
329	-6.2383	-0.00054694	0.010738
330	-6.2676	0.02875	0.01015
331	-6.2969	-0.00054694	0.010006
332	-6.2676	-0.029844	0.010166
333	-1.0948	7.7498	0.69715
334	0.43642	-24.655	1.0122
335	294.72	7.153	22.446
336	-405.35	86.236	43.658
337	79.494	105.05	5.5929
338	-6.2529	0.014101	0.010283
339	-6.2822	-0.015195	0.0099248
340	-0.2186	-10.44	0.58388
341	9.3506	51.807	2.1754
342	205.14	6.3477	11.398
343	-444.49	-3.0564	50.373
344	-29.176	19.575	1.4891
345	-6.2676	-0.00054694	0.0099428
346	-6.2969	-0.029844	0.010229
347	-6.2676	-0.015195	0.01
348	-6.2822	-0.00054694	0.0098671
349	-2.1191	-18.03	1.595
350	9.2839	58.891	1.1998
351	17.891	3.3448	1.493
352	-144.26	-63.87	6.8547
353	-98.967	-60.133	4.3518
354	-6.2676	0.014101	0.0099925
355	-6.2969	-0.015195	0.010064
356	-6.2676	-0.00054694	0.0099428
357	-6.2822	0.014101	0.0099168
358	-6.2969	-0.00054694	0.010006
359	-6.2822	-0.015195	0.0099248
360	-7.422	-15.905	0.97301
361	1.556	28.089	1.19
362	-161.64	-1.6924	7.5866
363	193.91	-79.861	11.348
364	-106.88	-109.83	7.5058
365	-6.2749	0.0067773	0.0098895
366	-6.2895	-0.0078712	0.0099252
367	-6.2749	-0.00054694	0.0098781
368	-6.2822	0.0067773	0.0098785
369	-6.2895	-0.00054694	0.0099097
370	-6.2822	-0.0078712	0.0098825
371	-11.663	-11.412	1.1989
372	-6.4574	-27.101	0.2572
373	-262.5	-4.1897	18.4
374	418.38	-55.073	45.793
375	-61.709	-103.15	4.9487
376	-6.2785	0.0031152	0.0098682
377	-6.2859	-0.0042091	0.0098861
378	-6.2785	-0.00054694	0.0098659
379	-13.275	-1.0307	0.47777
380	-13.57	-73.186	2.3388
381	-321.68	-5.861	27.054
382	512.59	26.68	67.737
383	11.911	-29.326	1.4973
384	-6.2749	0.0031152	0.0098805
385	-6.2822	-0.0042091	0.0098714
386	-6.2749	-0.00054694	0.0098781
387	-6.2785	0.0031152	0.0098682
388	-6.2822	-0.00054694	0.0098671
389	-6.2785	-0.0042091	0.0098702
390	-11.269	9.0779	0.78435
391	-16.769	-85.576	2.5686
392	-210.23	-6.1623	11.722
393	404.99	93.68	43.27
394	70.02	56.281	3.3283
395	-6.2767	0.0012841	0.0098706
396	-6.2804	-0.002378	0.0098661
397	-6.2767	-0.00054694	0.0098703
398	-6.2785	0.0012841	0.0098662
399	-6.2804	-0.00054694	0.0098648
400	-7.1442	16.271	0.761
401	-14.603	-77.02	2.3145
402	58.116	-1.4645	1.8434
403	96.323	122.75	7.2764
404	98.79	114.9	6.8942
405	-6.2785	0.0012841	0.0098662
406	-6.2822	-0.002378	0.0098684
407	-6.2785	-0.00054694	0.0098659
408	-6.2804	0.0012841	0.0098651
409	-6.2822	-0.00054694	0.0098671
410	-6.2804	-0.002378	0.0098661
411	-3.408	17.926	2.0422
412	-9.0758	-49.661	0.84004
413	273.71	4.8012	18.84
414	-216.92	124.47	17.624
415	102.81	98.498	6.626
416	-6.2795	0.00036858	0.0098649
417	-6.2813	-0.0014625	0.009866
418	-6.2795	-0.00054694	0.0098649
419	-6.2804	0.00036858	0.0098648
420	-1.7587	8.0196	1.1697
421	-3.1495	-7.0471	1.2823
422	442.45	6.9651	50.138
423	-391.96	79.62	41.708
424	51.235	44.862	1.6202
425	-6.2795	0.0012841	0.0098653
426	-6.2813	-0.00054694	0.0098655
427	-6.2795	0.00036858	0.0098649
428	-6.2804	0.0012841	0.0098651
429	-6.2813	0.00036858	0.0098655
430	-6.2804	-0.00054694	0.0098648
431	-1.7412	-8.5002	1.1821
432	0.66212	27.919	0.69971
433	181.46	5.574	9.7464
434	-243.37	0.064011	15.914
435	-10.665	-25.922	1.4782
436	-6.2799	0.00082635	0.0098649
437	-6.2808	-8.9181e-05	0.009865
438	-6.2799	0.00036858	0.0098647
439	-4.9929	-18.055	0.8164
440	-0.54409	33.035	1.4449
441	-123.83	2.219	4.8353
442	29.675	-63.47	2.333
443	-61.994	-68.096	3.4661
444	-6.2795	0.00082635	0.009865
445	-6.2804	-8.9181e-05	0.0098647
446	-6.2795	0.00036858	0.0098649
447	-6.2799	0.00082635	0.0098649
448	-6.2804	0.00036858	0.0098648
449	-6.2799	-8.9181e-05	0.0098647
450	-8.679	-25.608	1.7244
451	-4.1292	1.8679	1.1414
452	-320.49	-1.1716	26.003
453	270.5	-80.47	20.023
454	-95.277	-82.757	5.1816
455	-6.2795	0.00036858	0.0098649
456	-6.2804	-0.00054694	0.0098648
457	-6.2795	-8.9181e-05	0.0098648
458	-6.2799	0.00036858	0.0098647
459	-6.2804	-8.9181e-05	0.0098647
460	-6.2799	-0.00054694	0.0098648
461	-10.462	-18.011	1.6099
462	-8.2626	-27.224	1.5682
463	-335.38	-3.0591	28.721
464	412.53	-75.582	44.417
465	-70.242	-43.483	2.3694
466	-6.2797	0.0001397	0.0098647
467	-6.2801	-0.00031806	0.0098647
468	-6.2797	-8.9181e-05	0.0098647
469	-6.2799	0.0001397	0.0098647
470	-6.2801	-8.9181e-05	0.0098647
471	-11.462	-6.5639	1.0755
472	-10.628	-42.66	1.5964
473	-250.49	-1.12	16.215
474	333.02	-8.1567	27.873
475	0.14124	19.789	0.95547
476	-6.2799	0.0001397	0.0098647
477	-6.2804	-0.00031806	0.0098648
478	-6.2799	-8.9181e-05	0.0098647
479	-6.2801	0.0001397	0.0098647
480	-6.2804	-8.9181e-05	0.0098647
481	-6.2801	-0.00031806	0.0098647
482	-12.256	6.6123	1.0835
483	-9.4135	-52.473	2.5386
484	-123.85	1.6128	4.9348
485	191.61	66.719	10.294
486	77.052	70.504	3.8028
487	-6.28	2.526e-05	0.0098647
488	-11.563	12.32	1.478
489	-7.2047	-35.821	0.74077
490	86.205	3.6899	2.6997
491	-63.305	94.534	4.8083
492	106.65	83.238	6.2404
493	-6.2799	0.0001397	0.0098647
494	-6.2801	-8.9181e-05	0.0098647
495	-6.2799	2.526e-05	0.0098647
496	-6.28	0.0001397	0.0098647
497	-6.2801	2.526e-05	0.0098647
498	-6.28	-8.9181e-05	0.0098647
499	-6.7263	13.505	1.9533
500	-4.9972	-5.8584	1.1664
501	217.5	4.123	12.101
502	-284.9	88.84	23.819
503	66.068	39.003	1.707
504	-6.28	8.2481e-05	0.0098647
505	-6.2801	-3.196e-05	0.0098647
506	-6.28	2.526e-05	0.0098647
507	-6.28	8.2481e-05	0.0098647
508	-6.2801	2.526e-05	0.0098647
509	-6.28	-3.196e-05	0.0098647
510	-2.2431	5.6738	0.60788
511	-3.4941	21.14	0.43436
512	234.02	3.6457	14.72
513	-443.22	35.323	51.379
514	24.305	-14.112	1.7729
515	-6.28	5.3871e-05	0.0098647
516	-6.2801	-3.3499e-06	0.0098647
517	-0.78885	-3.9899	1.673
518	-2.9642	39.805	0.42201
519	199.59	1.5543	10.913
520	-304.99	-24.411	24.386
521	-10.664	-47.899	1.3503
522	-6.28	2.526e-05	0.0098647
523	-6.2801	-3.196e-05	0.0098647
524	-6.28	-3.3499e-06	0.0098647
525	-6.2801	2.526e-05	0.0098647
526	-6.2801	-3.3499e-06	0.0098647
527	-6.2801	-3.196e-05	0.0098647
528	-2.4023	-10.064	1.5236
529	-3.2818	21.526	0.24334
530	12.352	-0.64454	0.16083
531	-22.707	-50.911	1.6802
532	-21.673	-69.017	2.4101
533	-6.28	1.0955e-05	0.0098647
534	-6.1999	-8.0152	0.21205
535	-3.9351	-0.77793	1.6019
536	-159.43	-2.4984	7.2193
537	241.46	-52.291	16.935
538	-7.522	-55.915	1.882
539	-6.28	2.526e-05	0.0098647
540	-6.2801	-3.3499e-06	0.0098647
541	-6.28	1.0955e-05	0.0098647
542	-6.28	2.526e-05	0.0098647
543	-6.2801	1.0955e-05	0.0098647
544	-6.28	-3.3499e-06	0.0098647
545	-9.5873	-1.3157	1.6131
546	-4.8006	-18.771	1.0268
547	-255.16	-3.5796	16.647
548	384.08	2.3077	37.922
549	13.291	-18.617	0.51179
550	-6.28	1.0955e-05	0.0098647
551	-6.2801	-1.7655e-05	0.0098647
552	-6.28	-3.3499e-06	0.0098647
553	-6.28	1.0955e-05	0.0098647
554	-6.2801	-3.3499e-06	0.0098647
555	-6.28	-1.7655e-05	0.0098647
556	-10.179	5.2517	0.42022
557	-5.33	-20.968	1.4854
558	-224.56	-2.5496	13.594
559	384.47	67.29	39.412
560	24.382	22.154	2.0021
561	-8.1264	7.9566	1.2454
562	-5.7178	-13.325	1.8969
563	-81.468	-0.84838	1.8528
564	188.94	113.27	13.148
565	18.269	44.573	0.74849
566	-5.212	7.4175	0.7773
567	-6.1782	16.468	0.47612
568	83.47	1.0576	2.9005
569	-112	124.05	7.5423
570	9.576	45.649	2.1868
571	-2.8588	2.9183	0.54988
572	-6.1536	40.403	2.3664
573	192.74	2.187	10.299
574	-303.34	53.441	24.89
575	-5.3853	39.504	1.9848
576	-1.7133	-1.9923	1.0246
577	-5.729	51.259	1.5654
578	184.35	2.3284	9.4571
579	-294.89	-14.363	23.47
580	-15.352	6.5661	1.0046
581	-3.0999	-5.669	0.36386
582	-4.4833	39.182	1.1974
583	110.84	0.60365	4.6488
584	-36.623	-68.481	2.6349
585	-7.8971	-28.27	1.2334
586	-6.6093	-6.1489	1.358
587	-3.7053	9.94	1.6492
588	-40.562	-1.2477	2.0225
589	202.82	-45.726	11.919
590	2.3934	-52.598	2.3338
591	-9.6614	-3.6894	0.18933
592	-4.1079	-14.157	0.58074
593	-156.78	-2.1966	7.1294
594	336.63	-2.9407	28.899
595	9.4668	-55.732	1.6612
596	-11.789	1.3463	0.62174
597	-4.3441	-22.672	0.79188
598	-217.64	-1.7577	13.05
599	406.08	52.76	43.557
600	12.604	-40.659	2.3413
601	-10.301	4.8654	0.421
602	-4.5271	-14.615	0.94537
603	-182.8	-0.28667	8.5367
604	300.28	71.495	24.572
605	13.114	0.22673	0.20042
606	-6.9721	7.0904	0.79566
607	-4.6001	7.6107	1.0893
608	-111.7	0.98133	3.9869
609	26.504	71.053	2.2395
610	8.1873	36.388	1.6183
611	-3.8603	6.8177	1.0968
612	-4.7856	30.306	1.2972
613	48.21	1.7826	1.7242
614	-218.65	55.403	13.691
615	2.6252	46.129	1.8468
616	-3.085	1.6638	1.3866
617	-5.1593	45.553	1.2228
618	168.84	1.9661	8.0032
619	-253.28	13.697	16.726
620	-0.54459	29.772	1.7266
621	-3.8756	-3.6409	0.38079
622	-5.088	42.778	1.3198
623	234.2	0.50271	14.849
624	-106.4	-10.545	3.5039
625	2.2788	-0.69052	1.5757
626	-4.7671	-6.9697	1.0061
627	-4.6215	32.304	1.2064
628	223.18	-1.4102	13.991
629	101.93	-5.2163	3.7465
630	8.523	-27.077	1.7946
631	-5.9651	-4.8763	1.9204
632	-4.1077	18.293	1.6182
633	90.844	-2.1584	3.1074
634	258	5.6985	18.233
635	8.2654	-40.834	1.1038
636	-7.2145	-1.1728	0.61028
637	-4.3076	2.6146	0.89826
638	-87.451	-2.378	3.0095
639	307.78	31.592	25.868
640	8.2722	-36.303	1.6954
641	-8.1275	2.7647	0.9172
642	-4.901	-8.7346	0.83864
643	-196.55	-0.99979	10.81
644	243.59	40.856	16.351
645	6.5701	-26.623	0.22914
646	-8.2984	4.5778	0.59451
647	-5.6478	-5.9314	1.4155
648	-181.06	0.62973	8.8302
649	62.353	48.901	3.4574
650	0.058454	-2.3335	1.0804
651	-8.1455	3.7194	0.76941
652	-5.66	-1.8645	0.80608
653	-95.598	1.5177	3.1807
654	-135.44	40.059	5.0479
655	-4.4865	19.465	1.1814
656	-7.0101	0.96534	0.43274
657	-4.6314	11.997	0.99376
658	5.9821	1.0472	0.30429
659	-212.08	27.971	12.426
660	-8.608	36.819	1.7818
661	-5.8002	-1.9521	0.84174
662	-3.8774	23.799	0.82285
663	95.85	0.5423	3.3257
664	-204.48	13.751	10.58
665	-3.1877	32.804	0.914
666	-4.8959	-3.6747	1.1656
667	-3.7329	33.102	1.1488
668	133.39	-0.31269	5.3265
669	-48.458	2.895	1.4817
670	8.6088	18.503	1.6997
671	-5.2275	-2.9151	1.241
672	-3.7507	23.36	0.57428
673	87.443	-1.1386	2.3111
674	97.952	11.801	3.0349
675	16.084	-7.8754	1.7829
676	-6.0653	-0.70519	0.15185
677	-4.4324	9.4622	1.281
678	12.054	-1.1072	0.41869
679	169.28	20.086	8.326
680	12.4	-26.168	0.28195
681	-6.8626	1.4399	0.57302
682	-5.5092	-1.1059	0.50053
683	-54.306	-0.93694	2.228
684	138.64	33.73	5.8285
685	4.2839	-22.707	0.74292
686	-7.1248	2.5767	1.18
687	-5.5696	-1.205	0.51033
688	-66.267	-0.50598	2.9944
689	77.372	45.483	3.302
690	-3.6586	-8.6378	1.878
691	-6.8394	2.0842	0.93051
692	-5.8569	0.6479	0.19208
693	-43.358	0.00045533	0.65877
694	-14.747	46.971	1.4773
695	-10.607	8.296	1.3919
696	-6.4521	1.0919	0.30442
697	-6.1114	2.0044	0.85974
698	13.87	0.21881	0.78728
699	-76.551	35.172	2.3827
700	-9.6166	17.724	2.0828
701	-6.0551	-0.60879	0.12404
702	-6.2717	2.4185	1.1502
703	62.207	0.34831	1.1809
704	-116.2	12.273	3.6797
705	0.68355	13.835	1.7741
706	-5.835	-1.906	0.81008
707	-6.3377	2.6078	1.2812
708	73.326	0.11616	2.8231
709	-87.684	-6.1258	3.2885
710	8.7543	5.6515	0.51278
711	-5.9193	-2.0639	0.90595
712	-6.3643	2.6062	1.2797
713	66.766	-0.20725	2.8091
714	-21.906	-16.668	1.8978
715	11.472	-4.8119	1.4818
716	-6.1644	-2.0316	0.87766
717	-6.2583	1.3476	0.43113
718	23.308	-0.59436	1.3648
719	58.918	-25.146	2.3707
720	13.442	-13.048	1.7157
721	-6.404	-1.6522	0.62206
722	-6.1514	-0.61579	0.11073
723	-28.609	-0.86798	1.9769
724	117.26	3.7998	3.9679
725	6.7822	-13.378	1.9338
726	-6.5399	-0.44611	0.091231
727	-6.0751	-2.2282	1.0151
728	-57.831	-0.91038	1.6091
729	101.29	45.294	3.4826
730	0.28424	-8.2365	0.1565
731	-6.5629	0.9305	0.2505
732	-6.099	-3.3571	1.7194
733	-75.979	-0.59863	1.6811
734	68.772	58.957	3.6742
735	-6.4787	-2.242	1.026
736	-6.3815	1.7585	0.691
737	-6.1801	-2.9839	1.5225
738	-35.816	-0.13568	1.6261
739	12.451	53.129	0.7596
740	-10.818	1.9081	1.069
741	-6.1843	1.4976	0.52272
742	-6.2908	-1.1468	0.32141
743	2.6487	0.28918	1.8644
744	-42.647	27.114	1.4176
745	-8.4729	2.6969	0.82836
746	-6.0529	0.35984	0.066929
747	-6.3615	0.75242	0.15113
748	34.988	0.32102	2.1913
749	-57.417	-2.1004	1.7701
750	-5.674	-1.3694	0.54374
751	-6.0762	-0.75253	0.16603
752	-6.3243	1.7624	0.69214
753	46.581	-0.10723	2.3963
754	-23.934	-8.9462	0.79985
755	-0.52697	-6.5045	1.1081
756	-6.2117	-1.1779	0.33898
757	-6.2499	1.29	0.39851
758	24.592	-0.68566	0.39286
759	26.011	5.2655	1.7096
760	2.5725	-9.3546	1.8201
761	-6.3595	-1.1343	0.31724
762	-6.1437	-0.38755	0.056134
763	-1.6619	-1.0937	1.0661
764	57.648	18.424	1.5088
765	1.057	-7.167	0.84209
766	-6.4594	-0.23395	0.039379
767	-6.1175	-1.8109	0.72789
768	-20.669	-1.0591	1.2873
769	65.743	34.954	3.2763
770	-3.9383	-5.0619	0.37708
771	-6.4954	0.73124	0.16091
772	-6.1185	-2.3241	1.0823
773	-16.869	-0.50558	1.4441
774	42.627	41.703	1.9636
775	-9.0876	-2.7153	0.69962
776	-6.459	1.1711	0.34494
777	-6.1724	-1.6361	0.61047
778	-1.2946	-0.035262	0.72785
779	-7.1974	38.946	1.8447
780	-12.039	-1.9148	0.85124
781	-6.3732	0.84143	0.18553
782	-6.2281	-0.36021	0.043461
783	15.722	0.37868	2.0261
784	-40.908	18.625	2.3267
785	-11.594	-4.0378	1.5783
786	-6.2425	0.3076	0.034134
787	-6.294	0.78326	0.1596
788	27.898	0.48996	2.0694
789	-58.052	6.0614	1.8795
790	-6.5137	-5.4035	1.7754
791	-6.1308	-0.30063	0.043255
792	-6.3171	1.0587	0.27803
793	20.623	0.29192	1.3037
794	-72.749	12.779	1.5483
795	-1.9771	-6.5938	0.99215
796	-6.1396	-0.75793	0.15862
797	-6.318	1.0427	0.27039
798	5.4051	-0.074939	0.3696
799	-36.964	19.397	1.1324
800	0.12453	-7.6744	0.36478
801	-6.2336	-0.82254	0.17534
802	-6.2688	0.32348	0.035997
803	-9.0765	-0.43897	1.9157
804	19.15	37.57	1.3138
805	1.126	-6.5301	1.0518
806	-6.3473	-0.70937	0.13519
807	-6.2282	-0.30579	0.03448
808	-14.526	-0.65916	1.3912
809	67.657	53.137	2.739
810	0.023353	-4.4788	2.0044
811	-6.4031	-0.20029	0.027377
812	-6.1933	-0.74262	0.14795
813	-15.576	-0.71389	1.9284
814	82.607	44.502	2.6002
815	-2.8763	-3.0056	0.49624
816	-6.3641	0.44067	0.061443
817	-6.1767	-0.86824	0.19697
818	-1.3314	-0.52352	0.77943
819	47.618	29.654	1.3276
820	-4.5454	-2.0948	1.0211
821	-6.2974	0.69808	0.1295
822	-6.1926	-0.36649	0.046973
823	11.224	-0.28818	0.80962
824	-6.0639	16.008	0.76292
825	-4.1795	-2.1695	1.0242
826	-6.231	0.52172	0.078326
827	-6.2383	0.23906	0.024991
828	16.767	-0.18224	1.5558
829	-45.784	4.6986	1.3047
830	-2.5463	-4.8392	0.21181
831	-6.1816	0.15327	0.020548
832	-6.2847	0.66884	0.11976
833	9.3973	-0.18403	2.0133
834	-62.951	11.801	2.4935
835	-1.2034	-8.6128	0.66641
836	-6.2215	-0.22252	0.023924
837	-6.3064	0.72234	0.13794
838	1.5121	-0.28931	0.94314
839	-59.047	22.725	1.2521
840	-1.0103	-9.7773	0.5947
841	-6.2899	-0.36255	0.042626
842	-6.3065	0.31434	0.034835
843	-4.0773	-0.36995	1.5772
844	-24.217	28.667	1.2613
845	-1.7665	-7.9535	1.1703
846	-6.3467	-0.45624	0.063621
847	-6.2637	-0.058569	0.010857
848	-2.0996	-0.46936	1.4781
849	13.795	23.331	1.4197
850	-2.2096	-2.9233	0.71946
851	-6.3502	-0.41977	0.055998
852	-6.2302	-0.38138	0.047237
853	-1.4718	-0.51578	0.90823
854	46.016	17.277	2.0233
855	-3.3288	-0.9348	1.7786
856	-6.3357	-0.021905	0.011535
857	-6.2308	-0.3331	0.038677
858	2.8067	-0.53083	1.8807
859	55.769	13.383	2.5331
860	-4.7006	-1.1336	1.0141
861	-6.2928	0.32908	0.036923
862	-6.2482	-0.017755	0.01045
863	7.1758	-0.33607	0.40318
864	53.883	21.879	0.98146
865	-6.067	-1.6297	0.61297
866	-6.2493	0.3909	0.048312
867	-6.2698	0.26429	0.027345
868	8.9889	-0.029451	1.9265
869	37.89	25.968	0.65996
870	-4.7072	-2.2136	1.0068
871	-6.2274	0.36574	0.04449
872	-6.2821	0.41431	0.052517
873	10.314	0.14739	1.6535
874	16.985	17.595	1.4372
875	-3.2188	-4.0402	0.049804
876	-6.2332	0.16123	0.017454
877	-6.2821	0.39106	0.047894
878	10.031	-0.038947	1.8465
879	3.9898	3.8583	0.40211
880	-1.9462	-3.7035	0.68667
881	-6.2514	-0.10996	0.013299
882	-6.273	0.058467	0.010745
883	8.2715	-0.46705	1.4008
884	-11.089	-9.9194	0.98574
885	-2.0101	-1.8846	1.1022
886	-6.2753	-0.32303	0.035875
887	-6.2567	-0.24897	0.025603
888	4.1984	-0.79674	1.4203
889	-19.968	-18.021	0.75096
890	-2.6623	-0.30265	1.8689
891	-6.297	-0.32691	0.036631
892	-6.2477	-0.40786	0.051704
893	3.3532	-0.92218	1.7801
894	-15.682	-14.993	0.73408
895	-3.5555	0.48556	1.8653
896	-6.3021	-0.22765	0.023045
897	-6.2494	-0.22257	0.0227
898	2.9216	-0.70794	1.8584
899	-8.7032	-3.3003	0.50287
900	-5.356	0.68759	0.47673
901	-6.3012	-0.041128	0.010511
902	-6.258	-0.026124	0.010278
903	-0.73771	-0.29282	0.27595
904	1.691	10.342	1.0892
905	-6.2484	0.27771	0.029592
906	-6.2956	0.15057	0.015654
907	-6.2724	0.15509	0.015907
908	-0.56821	0.043702	0.15762
909	9.6283	19.428	1.4984
910	-7.026	-0.10417	0.27776
911	-6.287	0.23017	0.023117
912	-6.2844	0.25381	0.025952
913	-1.9119	0.3301	1.3264
914	11.179	21.324	1.2927
915	-7.1911	-0.38277	0.42001
916	-6.2737	0.10722	0.01276
917	-6.2857	0.25221	0.025757
918	-3.494	0.40115	1.9041
919	3.8853	20.382	0.9079
920	-6.8937	-0.25161	0.20548
921	-6.2653	-0.030327	0.010203
922	-6.2811	0.051148	0.01052
923	-4.6736	0.39381	1.0428
924	-6.8831	12.451	1.7221
925	-6.2307	-0.029326	0.011296
926	-6.2641	-0.13933	0.014846
927	-6.2683	-0.16249	0.016533
928	-5.542	0.16542	0.27508
929	-11.286	-1.2433	0.84956
930	-5.6762	0.16384	0.19219
931	-6.2689	-0.15147	0.015663
932	-6.2608	-0.31161	0.034245
933	-4.1125	-0.078279	1.5679
934	-13.677	-12.961	1.5176
935	-5.4734	0.21652	0.32593
936	-6.2786	-0.10969	0.012875
937	-6.2612	-0.27302	0.028633
938	-2.3636	-0.27149	1.7006
939	-5.1466	-15.092	1.1974
940	-5.7538	0.21247	0.15489
941	-6.2877	-0.021957	0.010015
942	-6.2673	-0.21533	0.021525
943	-1.8393	-0.3329	1.2589
944	3.9737	-5.9912	0.70444
945	-6.2413	0.11447	0.013889
946	-6.2945	0.067684	0.011116
947	-6.2697	-0.15472	0.015903
948	-2.7568	-0.25523	1.9137
949	6.8569	5.5188	1.6277
950	-6.6665	-0.014903	0.083742
951	-6.291	0.10171	0.012512
952	-6.2764	-0.052149	0.010552
953	-3.9168	-0.096969	1.7164
954	4.657	13.007	0.99383
955	-6.805	-0.12095	0.14786
956	-6.2792	0.044691	0.010365
957	-6.2777	0.062824	0.010855
958	-4.2884	0.12935	1.4143
959	-2.5523	14.357	0.43216
960	-6.4241	-0.15031	0.025824
961	-6.2695	-0.039339	0.010308
962	-6.2755	0.10946	0.012872
963	-3.0862	0.28072	1.9813
964	-6.3246	9.7325	0.20832
965	-5.987	-0.12859	0.056449
966	-6.2682	-0.090218	0.011971
967	-6.2739	0.08817	0.011828
968	-2.5733	0.35454	1.8181
969	-9.5781	2.0341	1.1545
970	-5.7649	-0.032309	0.13986
971	-6.2706	-0.098318	0.012327
972	-6.2699	0.026115	0.010087
973	-1.6701	0.20958	1.0987
974	-11.127	-2.7722	1.0825
975	-5.7919	0.053327	0.12727
976	-6.276	-0.05466	0.01062
977	-6.2684	-0.040308	0.01034
978	-1.0091	0.036655	0.46783
979	-9.3696	-5.5556	0.32461
980	-6.0696	0.11232	0.035011
981	-6.2821	0.0083161	0.0098842
982	-6.2681	-0.066657	0.011047
983	-0.99775	-0.12467	0.46017
984	-5.016	-5.011	1.2877
985	-6.4234	0.075339	0.021542
986	-6.2859	0.055711	0.010659
987	-6.2709	-0.076834	0.011383
988	-2.7216	-0.15142	1.9097
989	-1.8327	0.53392	1.2416
990	-6.6499	0.0065189	0.077569
991	-6.286	0.075953	0.011326
992	-6.2739	-0.030207	0.010112
993	-4.0734	-0.079457	1.5996
994	-2.7658	9.3397	1.9064
995	-6.6881	-0.06305	0.09298
996	-6.2815	0.029802	0.010088
997	-6.2776	0.023852	0.01001
998	-4.541	0.04453	1.1756
999	-5.6786	16.353	0.63256
1000	-6.5282	-0.081725	0.042152
1001	-6.2768	-0.032078	0.010127
1002	-6.2814	0.061338	0.010807
1003	-4.7991	0.13837	0.91957
1004	-8.6872	20.707	0.76829
1005	-6.3602	-0.056035	0.013862
1006	-6.2741	-0.066757	0.010998
1007	-6.284	0.053746	0.010595
1008	-4.9187	0.16282	0.80256
1009	-10.353	14.47	0.66452
1010	-6.1667	-0.001196	0.01628
1011	-6.2762	-0.051503	0.010536
1012	-6.2837	0.031076	0.010113
1013	-4.6298	0.076651	1.0877
1014	-9.322	3.6509	0.18227
1015	-6.0626	0.040774	0.033815
1016	-6.2795	2.57e-05	0.0098648
1017	-6.2809	0.0092954	0.0098867
1018	-3.6295	-0.03479	1.8863
1019	-8.255	-5.8739	0.81866
1020	-6.0401	0.03264	0.038775
1021	-6.2828	0.044521	0.010364
1022	-6.2782	-0.010209	0.0098924
1023	-3.2133	-0.11697	1.9966
1024	-6.6905	-10.674	0.76272
1025	-6.2096	0.0098977	0.012369
1026	-6.2838	0.064029	0.010898
1027	-6.2774	-0.024084	0.010013
1028	-3.0883	-0.15015	1.9953
1029	-5.68	-4.4333	1.8365
1030	-6.3859	-0.022453	0.01559
1031	-6.284	0.028597	0.010077
1032	-6.2773	-0.021473	0.0099837
1033	-2.4585	-0.090671	1.7756
1034	-6.5849	3.0202	1.5242
1035	-6.477	-0.045703	0.029728
1036	-6.2812	-0.027394	0.010053
1037	-6.2778	-0.00012963	0.0098673
1038	-3.3408	0.025473	1.9829
1039	-7.6392	8.5096	0.82707
1040	-6.4296	-0.042254	0.021478
1041	-6.2782	-0.067017	0.01099
1042	-6.2791	0.018341	0.0099493
1043	-3.501	0.12406	1.9356
1044	-8.6086	8.5444	1.7019
1045	-6.3488	-0.029799	0.01245
1046	-6.277	-0.05379	0.010593
1047	-6.2801	0.02282	0.009995
1048	-3.5709	0.14396	1.9077
1049	-9.6341	6.2021	0.71881
1050	-6.2118	-0.012578	0.012233
1051	-6.2784	-0.0027559	0.0098679
1052	-6.2799	0.015134	0.009922
1053	-2.3014	0.096475	1.6671
1054	-9.8402	2.943	0.57955
1055	-6.1171	-0.0053802	0.023126
1056	-6.2803	0.042493	0.010317
1057	-6.2793	0.0030615	0.0098673
1058	-1.7868	0.029135	1.2151
1059	-9.0264	-0.54635	1.8742
1060	-6.1393	-0.0066376	0.019761
1061	-6.2817	0.056338	0.01066
1062	-6.2787	-0.0091064	0.0098863
1063	-1.5062	-0.030291	0.93603
1064	-7.1076	-2.9625	1.3545
1065	-6.2002	-0.0058337	0.013058
1066	-6.2824	0.049265	0.010475
1067	-6.2787	-0.014365	0.0099173
1068	-1.5148	-0.052323	0.94466
1069	-5.3212	-3.126	1.3509
1070	-6.2898	-0.0050241	0.0099185
1071	-6.2818	0.017906	0.0099465
1072	-6.2787	-0.012774	0.0099064
1073	-2.4355	-0.0045399	1.7624
1074	-4.1569	-1.0687	1.3884
1075	-6.3637	-0.0032471	0.013363
1076	-6.2803	-0.019107	0.0099561
1077	-6.279	2.0656e-05	0.0098652
1078	-4.0384	0.044255	1.6278
1079	-5.1767	1.3903	0.75889
1080	-6.3743	-0.0019481	0.014308
1081	-6.2788	-0.049219	0.010472
1082	-6.2795	0.011024	0.0098952
1083	-5.6422	0.079203	0.20773
1084	-7.2977	4.2232	1.5394
1085	-6.3475	-0.00091773	0.01214
1086	-6.2779	-0.040103	0.010269
1087	-6.2799	0.014661	0.0099185
1088	-5.4614	0.06219	0.32723
1089	-9.782	5.1414	0.20564
1090	-6.2929	-0.00013282	0.0099479
1091	-6.2791	-0.029701	0.010086
1092	-6.28	0.0078697	0.0098802
1093	-3.5271	0.035782	1.9294
1094	-10.948	5.8084	1.0114
1095	-6.242	-0.0015157	0.010589
1096	-6.2807	-0.01237	0.0099032
1097	-6.28	-0.0044817	0.0098697
1098	-1.6129	0.0092254	1.0428
1099	-11.018	3.954	1.0556
1100	-6.2153	-0.003403	0.011966
1101	-6.2816	0.0031846	0.0098684
1102	-6.2798	-0.013727	0.0099119
1103	-0.14074	-0.016337	0.0099593
1104	-9.6992	0.82258	1.828
1105	-6.2104	-0.0049352	0.012295
1106	-6.2819	0.015103	0.0099234
1107	-6.2795	-0.011435	0.0098975
1108	-1.777	-0.032749	1.2055
1109	-7.6625	-0.81506	0.85526
1110	-6.2321	-0.0054027	0.011021
1111	-6.2817	0.019759	0.0099637
1112	-6.2793	-0.0046927	0.0098705
1113	-4.3944	-0.030582	1.3174
1114	-5.7746	0.16168	0.14061
1115	-6.2799	-0.0045002	0.0098698
1116	-6.2804	0.013531	0.0099106
1117	-6.2792	0.0031789	0.0098676
1118	-6.3078	-0.013332	0.010295
1119	-4.2571	0.98175	1.3427
1120	-6.321	-0.0018839	0.010703
1121	-6.2793	0.00071569	0.0098651
1122	-6.279	0.0087208	0.0098842
1123	-5.8445	0.0067833	0.10323
1124	-3.4481	1.6501	1.3784
1125	-6.3319	0.00036014	0.011212
1126	-6.279	-0.010649	0.0098936
1127	-6.2793	0.0099383	0.0098896
1128	-2.7363	0.017305	1.9208
1129	-4.1821	1.2303	1.3309
1130	-6.3173	0.0018641	0.010559
1131	-6.2789	-0.015988	0.0099293
1132	-6.2796	0.0085134	0.0098829
1133	0.05129	0.0098279	0.0013398
1134	-6.1909	-0.02119	0.013952
1135	-6.2864	0.0024682	0.0098863
1136	-3.5459	-0.011984	1.9225
1137	-4.023	0.0052187	1.6401
1138	2.443	0.003413	1.7672
1139	-5.2519	-1.0879	0.63812
1140	-6.2521	0.0032192	0.010259
1141	0.051304	0.0098422	0.0013406
1142	0.051276	0.0098136	0.001339
1143	-0.83021	-0.0038489	0.32545
1144	-1.615	0.0014056	1.0448
1145	2.2309	0.0016127	1.6144
1146	-3.428	-1.8834	1.231
1147	-4.5339	0.004988	1.1827
1148	0.05129	0.0098279	0.0013398
1149	0.051261	0.0097993	0.0013382
1150	-0.66618	0.003283	0.21393
1151	0.90668	4.7082e-05	0.38384
1152	0.14185	0.0056765	0.010056
1153	-1.0306	-1.9841	0.91535
1154	-1.8708	0.0059027	1.2964
1155	0.05129	0.0098279	0.0013398
1156	0.051233	0.0097707	0.0013366
1157	-2.4739	0.0098629	1.7868
1158	1.9898	0.0020064	1.4078
1159	-1.7073	0.011425	1.1368
1160	0.88274	-1.0758	0.54049
1161	-0.27783	0.0073612	0.03838
1162	0.05129	0.0098279	0.0013398
1163	0.051175	0.0097135	0.0013334
1164	-2.8077	0.012273	1.9467
1165	-0.59745	0.0036142	0.17332
1166	-2.3945	0.015273	1.735
1167	-0.65908	0.41222	0.24294
1168	-0.55578	0.0088992	0.1506
1169	0.05129	0.0098279	0.0013398
1170	0.051061	0.0095991	0.001327
1171	-2.147	0.0075921	1.5459
1172	-3.7097	0.0052034	1.8463
1173	-1.1736	0.013593	0.6135
1174	-2.3182	1.4693	1.3466
1175	-3.1937	0.0052595	2.0012
1176	0.05129	0.0098279	0.0013398
1177	0.050832	0.0093702	0.0013143
1178	-1.2511	0.0013834	0.68608
1179	-5.3596	0.0060939	0.40425
1180	0.90488	0.010793	0.38244
1181	-4.5739	2.0393	1.024
1182	-5.2274	0.0015336	0.51427
1183	0.05129	0.0098279	0.0013398
1184	0.050374	0.0089124	0.001289
1185	-1.8018	-0.0041677	1.2297
1186	-6.6212	0.0068723	0.067567
1187	2.2359	0.0082396	1.6184
1188	-6.3529	0.67005	0.12252
1189	-5.0483	-0.0025246	0.67671
1190	0.05129	0.0098279	0.0013398
1191	0.049459	0.0079969	0.0012394
1192	-3.7666	-0.0036752	1.8145
1193	-7.131	0.0068267	0.35108
1194	2.465	0.0058807	1.7813
1195	-5.8921	-0.85642	0.24878
1196	-3.1939	-0.0021556	2.0012
1197	0.05129	0.0098279	0.0013398
1198	0.047628	0.0061658	0.0011441
1199	-5.206	0.0030821	0.53295
1200	-5.202	0.005642	0.53652
1201	0.92179	0.0040705	0.39582
1202	-4.4425	-1.5403	1.129
1203	-2.22	-0.00027354	1.6058
1204	0.05129	0.0098279	0.0013398
1205	0.043966	0.0025037	0.00096839
1206	-4.1274	0.0084121	1.5564
1207	-1.5197	0.0025157	0.94954
1208	-0.92708	0.0013604	0.40004
1209	-3.0616	-1.6633	1.3863
1210	-1.0013	-3.7359e-05	0.46102
1211	0.05129	0.0098279	0.0013398
1212	0.036641	-0.0048205	0.00067737
1213	-3.1251	0.010146	2.0023
1214	0.69053	-0.0037778	0.22921
1215	-2.103	-0.0047415	1.5085
1216	-1.7648	-0.7071	1.1701
1217	-0.85978	-0.0019582	0.34758
1218	0.05129	0.0098279	0.0013398
1219	0.021993	-0.019469	0.00033679
1220	-2.328	0.0024342	1.6883
1221	2.1373	-0.011395	1.5378
1222	-2.8343	-0.014492	1.9551
1223	-1.0871	0.49575	0.56356
1224	-2.8374	-0.005416	1.9561
1225	0.05129	0.0098279	0.0013398
1226	-0.0073038	-0.048766	0.00062173
1227	0.05129	-0.019469	0.0014104
1228	0.021993	0.0098279	0.00026612
1229	-3.2442	-0.0035235	1.9974
1230	-1.2367	-0.0085955	0.67245
1231	-1.9499	-0.017809	1.371
1232	-2.542	1.3117	1.4972
1233	-3.9735	-0.0026724	1.6774
1234	0.05129	0.039125	0.0016982
1235	-0.0073038	-0.019469	0.00012154
1236	-3.0924	-0.0091114	2.0012
1237	-6.4047	-0.0070146	0.01764
1238	-0.34302	-0.021296	0.058393
1239	-4.1599	1.2371	1.3412
1240	-4.052	-0.0084247	1.6175
1241	0.021993	0.0098279	0.00026612
1242	-0.036601	-0.048766	0.0012647
1243	0.021993	-0.019469	0.00033679
1244	-0.0073038	0.0098279	5.0857e-05
1245	-4.0366	-0.00811	1.6296
1246	-9.1363	0.0021531	1.9795
1247	1.2446	-0.022433	0.67996
1248	-4.1255	0.39804	1.5362
1249	-3.1388	-0.0050853	2.0025
1250	0.021993	0.039125	0.00062491
1251	-0.036601	-0.019469	0.00076486
1252	0.021993	0.0098279	0.00026612
1253	-0.0073038	0.039125	0.00040972
1254	-0.036601	0.0098279	0.00069422
1255	-0.0073038	-0.019469	0.00012154
1256	-4.7864	0.00215	0.93181
1257	-9.9279	0.012133	1.9007
1258	1.932	-0.010722	1.3543
1259	-4.183	-0.50925	1.4771
1260	-2.6894	0.0037306	1.9013
1261	0.0073446	0.024476	0.0001769
1262	-0.021952	-0.0048205	0.00024688
1263	0.0073446	0.0098279	5.1155e-05
1264	-0.0073038	0.024476	0.0001766
1265	-0.021952	0.0098279	0.00026523
1266	-0.0073038	-0.0048205	3.2501e-05
1267	-3.4489	0.0078972	1.9561
1268	-6.9434	0.01244	0.22221
1269	1.486	0.0035288	0.91584
1270	-2.7106	-1.0576	1.6683
1271	-2.2236	0.0065005	1.6086
1272	0.0073446	0.0098279	5.1155e-05
1273	-0.021952	-0.019469	0.00033589
1274	0.0073446	-0.0048205	3.28e-05
1275	-0.0073038	0.0098279	5.0857e-05
1276	-0.021952	-0.0048205	0.00024688
1277	-0.0073038	-0.019469	0.00012154
1278	-2.6226	0.0088537	1.87
1279	-1.4227	0.0032954	0.85294
1280	0.35483	0.012941	0.062366
1281	-0.76946	-1.1039	0.49009
1282	-2.4664	0.0039073	1.7821
1283	2.0388e-05	0.0025037	1.5689e-06
1284	-2.4977	0.0066331	1.8013
1285	2.7911	-0.0063003	1.9412
1286	-0.63849	0.012165	0.19714
1287	0.21919	-0.73904	0.15435
1288	-3.6669	-0.0021173	1.8685
1289	0.0073446	0.0098279	5.1155e-05
1290	-0.0073038	-0.0048205	3.2501e-05
1291	0.0073446	0.0025037	2.8554e-05
1292	2.0388e-05	0.0098279	2.4171e-05
1293	-0.0073038	0.0025037	2.8255e-05
1294	2.0388e-05	-0.0048205	5.8153e-06
1295	-3.2228	0.0012101	1.9993
1296	0.71877	-0.013	0.24755
1297	-1.1024	0.0074844	0.54886
1298	0.11576	0.036506	0.0070271
1299	-3.1116	-0.0067202	2.002
1300	0.0036825	0.0061658	1.6298e-05
1301	-0.0036417	-0.0011584	6.9702e-06
1302	0.0036825	0.0025037	8.3525e-06
1303	2.0388e-05	0.0061658	9.514e-06
1304	-0.0036417	0.0025037	8.2031e-06
1305	2.0388e-05	-0.0011584	3.3601e-07
1306	-2.6467	-0.0045613	1.8818
1307	-1.7303	-0.013064	1.1596
1308	-1.0837	-0.0041513	0.53223
1309	0.020962	0.68985	0.11695
1310	-2.1383	-0.0093677	1.5386
1311	0.0036825	0.0025037	8.3525e-06
1312	-0.0036417	-0.0048205	1.2449e-05
1313	0.0036825	-0.0011584	7.1196e-06
1314	2.0388e-05	0.0025037	1.5689e-06
1315	-0.0036417	-0.0011584	6.9702e-06
1316	2.0388e-05	-0.0048205	5.8153e-06
1317	-2.2726	-0.0060077	1.6469
1318	-4.2128	-0.0079669	1.4835
1319	-0.24834	-0.013493	0.030739
1320	-0.028039	1.0516	0.26453
1321	-0.73442	-0.007538	0.25792
1322	0.0018514	0.00067266	1.828e-06
1323	-0.0018107	-0.0029894	3.8765e-06
1324	0.0018514	-0.0011584	2.0506e-06
1325	2.0388e-05	0.00067266	1.1344e-07
1326	-2.7058	-0.0030955	1.9084
1327	-5.9282	-0.0012293	0.071133
1328	0.63157	-0.020511	0.19308
1329	-0.0057899	1.0245	0.2514
1330	-1.0954	-0.0051884	0.5426
1331	0.0018514	0.0025037	3.2835e-06
1332	-0.0018107	-0.0011584	1.9759e-06
1333	0.0018514	0.00067266	1.828e-06
1334	2.0388e-05	0.0025037	1.5689e-06
1335	-0.0018107	0.00067266	1.7533e-06
1336	2.0388e-05	-0.0011584	3.3601e-07
1337	-3.5906	0.0022706	1.9041
1338	-4.6358	0.0056296	1.0819
1339	0.88175	-0.021007	0.36446
1340	0.037372	0.78061	0.14926
1341	-3.3412	-0.0024812	1.9829
1342	0.00093592	0.0015882	1.0694e-06
1343	-0.00089514	-0.00024287	4.156e-07
1344	0.00093592	0.00067266	5.5142e-07
1345	2.0388e-05	0.0015882	6.3142e-07
1346	-0.00089514	0.00067266	5.1407e-07
1347	2.0388e-05	-0.00024287	1.4969e-08
1348	-4.5051	0.0059458	1.2109
1349	-2.6175	0.010152	1.8675
1350	0.82723	-0.012876	0.32328
1351	0.078884	0.26875	0.021075
1352	-4.6889	-0.00025199	1.029
1353	0.00093592	0.00067266	5.5142e-07
1354	-0.00089514	-0.0011584	7.3664e-07
1355	0.00093592	-0.00024287	4.5295e-07
1356	2.0388e-05	0.00067266	1.1344e-07
1357	-0.00089514	-0.00024287	4.156e-07
1358	2.0388e-05	-0.0011584	3.3601e-07
1359	-5.0553	0.0050057	0.67013
1360	-1.2606	0.0075819	0.69516
1361	0.32976	0.0010401	0.053908
1362	0.12538	-0.23569	0.021615
1363	-4.7706	0.00071275	0.94752
1364	0.00047815	0.0002149	1.2593e-07
1365	-0.00043738	-0.00070063	2.1854e-07
1366	0.00047815	-0.00024287	1.2913e-07
1367	2.0388e-05	0.0002149	1.1765e-08
1368	-4.6946	0.0033305	1.0233
1369	-0.45083	0.0023883	0.099966
1370	-0.21483	0.012432	0.023037
1371	0.12257	-0.56147	0.084784
1372	-3.7308	0.0013611	1.8349
1373	0.00047815	0.00067266	2.276e-07
1374	-0.00043738	-0.00024287	1.1046e-07
1375	0.00047815	0.0002149	1.2593e-07
1376	2.0388e-05	0.00067266	1.1344e-07
1377	-0.00043738	0.0002149	1.0725e-07
1378	2.0388e-05	-0.00024287	1.4969e-08
1379	-3.514	0.00017314	1.9346
1380	-0.40003	-0.003638	0.078994
1381	-0.62989	0.015009	0.19205
1382	0.11479	-0.6092	0.097432
1383	-2.4177	2.9885e-05	1.7507
1384	0.00024927	0.00044378	8.0368e-08
1385	-0.00020849	-1.3984e-05	2.1795e-08
1386	0.00024927	0.0002149	4.264e-08
1387	2.0388e-05	0.00044378	4.9492e-08
1388	-0.00020849	0.0002149	3.3302e-08
1389	2.0388e-05	-1.3984e-05	2.5688e-10
1390	-1.1152	-0.0025832	0.56031
1391	-2.6866	-0.0070145	1.9001
1392	-0.51904	0.010827	0.1318
1393	0.063232	-0.27059	0.02023
1394	-1.9041	-0.0028916	1.3281
1395	0.00024927	0.0002149	4.264e-08
1396	-0.00020849	-0.00024287	3.6506e-08
1397	0.00024927	-1.3984e-05	3.1132e-08
1398	2.0388e-05	0.0002149	1.1765e-08
1399	-0.00020849	-1.3984e-05	2.1795e-08
1400	2.0388e-05	-0.00024287	1.4969e-08
1401	-1.231	-0.0036989	0.66705
1402	-4.4017	-0.0051129	1.3106
1403	-0.27586	0.0019792	0.037828
1404	0.014778	0.20224	0.010326
1405	-2.7529	-0.0052763	1.9273
1406	0.00013483	0.00010046	1.1619e-08
1407	-9.4053e-05	-0.00012842	8.5525e-09
1408	0.00013483	-1.3984e-05	9.1429e-09
1409	2.0388e-05	0.00010046	2.7334e-09
1410	-9.4053e-05	-1.3984e-05	4.4741e-09
1411	2.0388e-05	-0.00012842	4.3353e-09
1412	-3.3567	-0.0036418	1.9798
1413	-5.3629	-0.00027468	0.40162
1414	0.15625	-0.0072173	0.012202
1415	-0.022717	0.50252	0.062775
1416	-4.5176	-0.0045919	1.1987
1417	7.7609e-05	4.3237e-05	3.4809e-09
1418	-3.6832e-05	-7.1204e-05	1.9474e-09
1419	7.7609e-05	-1.3984e-05	3.062e-09
1420	2.0388e-05	4.3237e-05	6.7577e-10
1421	-3.6832e-05	-1.3984e-05	7.2757e-10
1422	2.0388e-05	-7.1204e-05	1.4767e-09
1423	-4.1378	-0.0011715	1.5478
1424	-5.3089	0.0039539	0.44528
1425	0.44881	-0.01091	0.099113
1426	-0.022553	0.55321	0.075852
1427	-5.0252	-0.002169	0.69855
1428	4.8999e-05	1.4627e-05	1.2546e-09
1429	-8.2219e-06	-4.2594e-05	4.8783e-10
1430	4.8999e-05	-1.3984e-05	1.25e-09
1431	2.0388e-05	1.4627e-05	2.6149e-10
1432	-8.2219e-06	-1.3984e-05	8.275e-11
1433	-3.36	0.0010626	1.9791
1434	-3.8229	0.0060795	1.7804
1435	0.35462	-0.0041852	0.062258
1436	0.036281	0.48374	0.058611
1437	-4.7617	-6.3272e-05	0.95633
1438	2.0388e-05	1.4627e-05	2.6149e-10
1439	-3.6832e-05	-4.2594e-05	1.1327e-09
1440	2.0388e-05	-1.3984e-05	2.5688e-10
1441	-8.2219e-06	1.4627e-05	8.7355e-11
1442	-3.6832e-05	-1.3984e-05	7.2757e-10
1443	-8.2219e-06	-4.2594e-05	4.8783e-10
1444	-3.2869	0.00258	1.9922
1445	-2.0897	0.0062486	1.4971
1446	0.15254	0.0051262	0.011624
1447	0.11372	0.20874	0.017276
1448	-4.4726	0.00065201	1.2425
1449	6.0833e-06	3.2155e-07	1.8538e-11
1450	-3.9975	0.0025989	1.6595
1451	-1.5549	0.0046683	0.98472
1452	-0.127	0.0094135	0.0080802
1453	0.17214	-0.089481	0.01676
1454	-3.263	-0.0014296	1.9953
1455	2.0388e-05	1.4627e-05	2.6149e-10
1456	-8.2219e-06	-1.3984e-05	8.275e-11
1457	2.0388e-05	3.2155e-07	2.0797e-10
1458	6.0833e-06	1.4627e-05	7.2051e-11
1459	-8.2219e-06	3.2155e-07	3.3842e-11
1460	6.0833e-06	-1.3984e-05	6.7446e-11
1461	-3.6733	0.00066265	1.8653
1462	-1.1243	-0.0011277	0.56848
1463	-0.32416	0.0076194	0.052123
1464	0.12826	-0.23829	0.022279
1465	-2.1731	-0.0036448	1.5677
1466	-4.0012	-0.0012515	1.6568
1467	-2.4168	-0.0053646	1.7501
1468	-0.32028	0.0019424	0.050878
1469	0.048117	-0.3473	0.031156
1470	-1.8665	-0.0056791	1.2923
1471	-3.3724	-0.0021004	1.9763
1472	-5.1077	-0.0069629	0.62142
1473	-0.22477	-0.0036603	0.02517
1474	-0.018405	-0.21749	0.011981
1475	-2.9641	-0.0043329	1.9865
1476	-2.2769	-0.0024986	1.6502
1477	-6.3532	-0.0023515	0.012546
1478	-0.046778	-0.0058344	0.001103
1479	-0.0067213	-0.041429	0.00045207
1480	-4.0256	-0.0024813	1.6381
1481	-0.82616	-0.0016923	0.32247
1482	-4.7608	0.0036377	0.95725
1483	0.12745	-0.0063959	0.0081244
1484	0.0032393	0.12448	0.0038806
1485	-4.6672	-0.00064792	1.0506
1486	-0.51717	0.00022618	0.13084
1487	-1.507	0.007216	0.93685
1488	0.20517	-0.0039904	0.020988
1489	0.0072362	0.19709	0.0097315
1490	-5.1179	6.9849e-05	0.61209
1491	-2.2697	0.0017047	1.6447
1492	-0.02394	0.0059531	0.00029555
1493	0.24094	0.00072201	0.028901
1494	0.0048842	0.24384	0.014855
1495	-3.8178	-0.0007485	1.7836
1496	-5.0246	0.0021456	0.69916
1497	1.2361	0.0031984	0.67189
1498	0.1207	0.0045022	0.0072847
1499	-0.00073699	0.19504	0.0095047
1500	-2.7213	-0.0023519	1.9148
1501	-7.2071	0.0021758	0.41029
1502	2.1408	0.00059286	1.5408
1503	-0.043462	0.0060959	0.0009541
1504	-0.0078438	0.01793	0.00011122
1505	-3.2805	-0.0037843	1.9931
1506	-8.4122	0.0012626	1.5474
1507	2.6314	-0.00037416	1.8744
1508	-0.17736	0.0025417	0.015697
1509	-0.012173	-0.13734	0.0047903
1510	-4.5542	-0.0051385	1.1628
1511	-7.415	4.7633e-05	0.58874
1512	1.2474	0.0018551	0.6826
1513	-0.18814	-0.00056126	0.017656
1514	-0.013821	-0.20147	0.010235
1515	-4.7031	-0.0035647	1.0148
1516	-3.9565	-0.0010207	1.6899
1517	-0.89067	0.0037998	0.37131
1518	-0.15482	-0.00288	0.011968
1519	-0.011288	-0.14936	0.0056405
1520	-5.0233	-0.0013488	0.70041
1521	-0.87767	-0.0017385	0.36125
1522	-2.2545	0.0041598	1.6329
1523	0.0073981	-0.0035801	3.0587e-05
1524	-0.0084736	-0.088781	0.0020077
1525	-4.9142	-0.0006847	0.80558
1526	1.6026	-0.0015173	1.0324
1527	-2.1359	0.0035813	1.5366
1528	0.1407	-0.0028952	0.0098884
1529	-0.0058482	0.024259	0.00016438
1530	-4.6803	-0.0015021	1.0376
1531	-0.08337	-0.00051328	0.0034751
1532	-1.5577	0.0033091	0.98753
1533	0.18531	0.00022168	0.017129
1534	-0.0023084	0.10792	0.0029159
1535	-4.7696	-0.0020292	0.94851
1536	-1.5064	0.00045519	0.93624
1537	0.12428	0.0032118	0.0077187
1538	0.1488	0.0027042	0.011058
1539	-0.0010416	0.1301	0.0042333
1540	-3.3988	-0.0025418	1.97
1541	-1.5065	0.00074045	0.93636
1542	1.4782	0.0031319	0.90809
1543	0.058974	0.0032669	0.001742
1544	-0.0018828	0.061252	0.00094053
1545	-2.5569	-0.0032399	1.8355
1546	-1.3302	0.0005701	0.76218
1547	1.3717	0.0034799	0.80271
1548	-0.05355	0.0014515	0.0014347
1549	-0.0020902	-0.016563	7.0836e-05
1550	-2.0429	-0.0029039	1.4558
1551	-0.00848	0.00013402	3.5977e-05
1552	0.21324	0.0031735	0.022664
1553	-0.12561	-0.00015088	0.0078831
1554	-0.0019144	-0.078874	0.0015583
1555	-3.4862	-0.0028664	1.9442
1556	1.11	-0.0002972	0.55567
1557	-0.86265	0.0034816	0.34976
1558	-0.14974	-0.0014158	0.011196
1559	-0.0013741	-0.11547	0.0033357
1560	-5.1022	-0.0027461	0.62649
1561	1.5273	-0.00055468	0.95708
1562	-1.1094	0.0039274	0.55511
1563	-0.11356	-0.002258	0.006446
1564	-0.00068202	-0.054448	0.00074202
1565	-4.3925	-0.0023172	1.3193
1566	1.3973	-0.00040504	0.8279
1567	-0.67233	0.0033471	0.21774
1568	-0.02587	-0.0017457	0.00033554
1569	0.00016411	0.030703	0.00023591
1570	-4.3283	-0.002159	1.3794
1571	0.52153	-1.0405e-05	0.13301
1572	-0.017036	0.0031404	0.00014764
1573	0.057829	-3.031e-05	0.0016725
1574	0.00044085	0.091182	0.00208
1575	-4.1131	-0.0021288	1.5683
1576	-0.51348	0.00034285	0.12903
1577	0.53938	0.0016401	0.14205
1578	0.12672	0.0014278	0.0080233
1579	0.00050641	0.084168	0.0017724
1580	-3.6737	-0.0016788	1.8651
1581	-1.0973	0.00051858	0.54428
1582	0.68335	0.0006638	0.22465
1583	0.10522	0.0015552	0.0055341
1584	0.00015817	0.025812	0.00016674
1585	-2.8541	-0.0018683	1.961
1586	-1.386	0.00051647	0.81678
1587	0.55571	0.00076768	0.15055
1588	0.062998	0.0010522	0.001985
1589	-0.0003145	-0.055704	0.00077647
1590	-2.1707	-0.0017747	1.5657
1591	-0.8547	0.00040948	0.34374
1592	0.23099	0.0016555	0.026574
1593	0.00071424	-9.7326e-05	2.5756e-07
1594	-0.00092969	-0.10112	0.0025581
1595	-2.8159	-0.0022892	1.9494
1596	-0.021054	0.00012132	0.00022174
1597	-0.24069	0.002359	0.028842
1598	-0.052014	-0.00097414	0.0013533
1599	-0.0013328	-0.10622	0.0028231
1600	-4.2858	-0.0032396	1.4184
1601	0.69217	-0.00012391	0.23026
1602	-0.48619	0.0027169	0.11594
1603	-0.081675	-0.0014248	0.0033357
1604	-0.0014053	-0.064566	0.0010441
1605	-4.6614	-0.0027863	1.0564
1606	0.7141	-0.00019017	0.24445
1607	-0.47662	0.0030773	0.11151
1608	-0.075877	-0.0013276	0.0028791
1609	-0.0010624	0.0071643	1.3409e-05
1610	-3.6401	-0.0024617	1.8816
1611	0.34973	-0.00010514	0.060567
1612	-0.27849	0.0030511	0.038549
1613	-0.0016381	-7.5128e-05	1.3437e-06
1614	-0.00069832	0.064261	0.0010335
1615	-2.3017	-0.0024174	1.6689
1616	-0.082592	-1.2509e-05	0.0034105
1617	-0.053728	0.0021968	0.0014449
1618	0.061435	0.00098327	0.0018877
1619	-0.0002171	0.088152	0.001944
1620	-2.1882	-0.0024842	1.5802
1621	-0.38931	0.00011203	0.074867
1622	0.153	0.00047013	0.011688
1623	0.083556	0.0014831	0.0034911
1624	0.00018606	0.046992	0.00055259
1625	-3.1043	-0.0021249	2.0017
1626	-0.55849	0.00016794	0.15202
1627	0.22338	-0.00052165	0.024859
1628	0.056209	0.0013525	0.0015806
1629	0.00031605	-0.009871	2.4434e-05
1630	-4.1992	-0.0016535	1.4954
1631	-0.49954	0.00016025	0.12226
1632	0.20056	-0.0010021	0.020056
1633	0.015066	0.00052632	0.00011361
1634	0.0003906	-0.051648	0.00066756
1635	-5.1819	-0.0009141	0.55423
1636	-0.25426	9.0812e-05	0.032166
1637	0.093504	0.00047737	0.0043705
1638	-0.029799	-0.00048775	0.00044423
1639	0.00036707	-0.04315	0.00046598
1640	-4.6377	-0.0014462	1.08
1641	0.11429	1.3591e-05	0.0065272
1642	-0.060195	0.0020475	0.0018131
1643	-0.037918	-0.00089924	0.00071938
1644	-0.00026144	-0.0091278	2.0884e-05
1645	-4.5059	-0.002442	1.2101
1646	0.3162	4.4586e-06	0.049602
1647	-0.15739	0.0033548	0.012369
1648	-0.020559	-0.00094625	0.00021166
1649	-0.0010492	0.023958	0.00014418
1650	-4.8789	-0.0031241	0.84025
1651	0.39144	-3.6027e-06	0.075679
1652	-0.20354	0.0032494	0.020656
1653	-0.0023404	-0.00049598	2.8016e-06
1654	-0.001284	0.037973	0.00036164
1655	-4.018	-0.004198	1.644
1656	0.35696	4.4688e-05	0.063068
1657	-0.10474	0.0028969	0.0054852
1658	0.014774	1.6876e-05	0.00010919
1659	-0.0011762	0.033062	0.00027422
1660	-3.2428	-0.0049656	1.9975
1661	0.13998	9.9502e-05	0.0097858
1662	0.020262	0.0020046	0.00020638
1663	0.023556	0.00044139	0.00027762
1664	-0.00089324	0.01542	5.9902e-05
1665	-2.001	-0.00393	1.418
1666	-0.11931	0.0001502	0.0071125
1667	0.11778	0.0011464	0.0069317
1668	0.018301	0.00062517	0.00016763
1669	-0.00054582	-0.0053625	7.3454e-06
1670	-0.74172	-0.0019856	0.26283
1671	-0.26737	0.0001203	0.035549
1672	0.14923	0.00016024	0.01112
1673	0.0084547	0.00052147	3.5827e-05
1674	-5.3763e-05	-0.02099	0.00011025
1675	-2.2679	-0.0014993	1.6433
1676	-0.1485	4.1172e-05	0.011011
1677	0.094285	-0.00068427	0.0044439
1678	-0.0066039	0.00023165	2.183e-05
1679	0.00024585	-0.023069	0.00013321
1680	-3.1906	-0.000939	2.0013
1681	0.0014626	-3.6688e-05	1.0705e-06
1682	0.031979	-0.00088358	0.00051173
1683	-0.016	-8.6925e-05	0.00012807
1684	0.00024138	-0.012444	3.8782e-05
1685	-2.8342	-0.0015768	1.9551
1686	0.1266	-9.6308e-05	0.0080075
1687	-0.035143	-0.00045636	0.00061782
1688	-0.0191	-0.00031102	0.00018252
1689	-2.3339e-05	0.00067002	1.1262e-07
1690	-2.3969	-0.0034837	1.7368
1691	0.1844	-0.00012662	0.016963
1692	-0.076357	0.00026921	0.0029153
1693	-0.012155	-0.00037005	7.3945e-05
1694	-0.00023954	0.011522	3.3249e-05
1695	-2.9179	-0.0051406	1.9772
1696	0.081595	-5.2583e-05	0.0033287
1697	-0.081511	0.0020095	0.0033228
1698	-0.0028443	-0.00028754	4.0677e-06
1699	-0.00031057	0.013455	4.535e-05
1700	-4.2233	-0.0063659	1.4743
1701	-0.01958	2.8408e-05	0.00019177
1702	-0.067521	0.0035983	0.002283
1703	0.006333	-0.00010789	2.0066e-05
1704	-0.00014831	0.0074025	1.3724e-05
1705	-4.9937	-0.0040246	0.72866
1706	-0.091135	6.6422e-05	0.004152
1707	-0.041581	0.0035489	0.00086794
1708	0.0092955	0.00011118	4.3228e-05
1709	5.1228e-05	-0.00017435	8.9197e-09
1710	-3.8928	-0.00047926	1.7347
1711	-0.13054	2.6111e-05	0.0085127
1712	-0.00064503	0.0023214	1.5568e-06
1713	0.0063541	0.00027286	2.0216e-05
1714	0.00020435	-0.0065067	1.0616e-05
1715	-2.9866	0.00076419	1.9902
1716	-0.096459	-3.172e-05	0.0046509
1717	0.03376	0.00021773	0.00057013
1718	0.0012709	0.00028596	8.2841e-07
1719	0.00026598	-0.0095078	2.2658e-05
1720	-2.5251	0.0013434	1.8175
1721	-0.037183	-7.8883e-05	0.00069155
1722	0.039925	-0.0010153	0.00079757
1723	-0.0031972	0.00014814	5.1191e-06
1724	0.00015134	-0.0097581	2.384e-05
1725	-1.7702	0.0002172	1.1989
1726	0.028024	-9.2618e-05	0.00039285
1727	0.019374	-0.0017422	0.00018853
1728	-0.0044312	-3.9264e-05	9.8232e-06
1729	-1.5383e-05	-0.0035169	3.0954e-06
1730	-1.9074	-0.0028427	1.3312
1731	0.074116	-8.833e-05	0.0027467
1732	-0.0062402	-0.00052304	1.9548e-05
1733	-0.0035715	-0.00018163	6.3892e-06
1734	-0.00012145	0.0043199	4.6774e-06
1735	-2.9634	-0.004766	1.9863
1736	0.050494	-5.1166e-05	0.0012752
1737	-0.024468	0.00069296	0.00029958
1738	-0.00012964	-0.00022417	2.0983e-08
1739	-0.00015421	0.0082489	1.704e-05
1740	-4.4364	-0.0054909	1.2774
1741	-0.0049284	4.0115e-06	1.2151e-05
1742	-0.023296	0.0016695	0.00027218
1743	0.0027911	-0.00019203	3.9064e-06
1744	-8.7476e-05	0.0057423	8.2556e-06
1745	-5.8315	-0.0056551	0.10878
1746	-0.04869	3.1433e-05	0.0011857
1747	-0.005562	0.0025781	1.7139e-05
1748	0.0033295	-7.6352e-05	5.547e-06
1749	4.3081e-05	0.0005186	6.8231e-08
1750	-5.6649	-0.0035907	0.19318
1751	-0.072747	4.5718e-05	0.0026462
1752	0.013022	0.0030067	8.7096e-05
1753	0.0013703	5.432e-05	9.4012e-07
1754	0.0001372	-0.0043287	4.6985e-06
1755	-3.7005	-0.001007	1.8513
1756	-0.064955	3.5025e-05	0.0021099
1757	0.022352	0.0021151	0.00025104
1758	-0.00092675	0.00015478	4.3564e-07
1759	0.00020532	-0.0060536	9.1917e-06
1760	-1.8908	0.00091481	1.3154
1761	-0.011252	-2.8155e-06	6.3337e-05
1762	0.010051	0.00083843	5.0708e-05
1763	-0.0026394	0.00023061	3.4982e-06
1764	0.00016074	-0.0066331	1.1024e-05
1765	-1.2748	0.0014799	0.70872
1766	0.038238	-3.6066e-05	0.00073135
1767	-0.010287	7.3109e-05	5.2938e-05
1768	-0.0027954	0.00011217	3.9123e-06
1769	3.633e-05	-0.0032379	2.6243e-06
1770	-0.93488	0.00085141	0.4063
1771	0.0586	-6.1524e-05	0.0017173
1772	-0.020678	9.0959e-05	0.00021389
1773	-0.0015601	-1.8938e-05	1.2176e-06
1774	-7.2873e-05	0.00054025	7.5696e-08
1775	-2.0024	-0.0023958	1.4193
1776	0.045077	-7.2622e-05	0.0010163
1777	-0.016829	0.00054787	0.00014174
1778	-2.042e-05	-0.00011367	3.4418e-09
1779	-0.00012153	0.0031218	2.4462e-06
1780	-2.237	-0.0048343	1.6193
1781	0.017636	-7.5992e-05	0.00015559
1782	0.0021777	0.0009295	2.5885e-06
1783	0.0012785	-0.00014428	8.2292e-07
1784	-0.00010532	0.0037091	3.4484e-06
1785	-3.4739	-0.0043791	1.9483
1786	-0.010981	-4.1032e-05	6.0326e-05
1787	0.017361	0.001408	0.00015127
1788	0.0020886	-0.00010131	2.1849e-06
1789	-2.5736e-05	0.0019783	9.7975e-07
1790	-4.7237	-0.003347	0.9943
1791	-0.028815	-2.2107e-06	0.00041534
1792	0.012963	0.0016772	8.476e-05
1793	0.0024752	8.5113e-06	3.0648e-06
1794	6.5016e-05	-0.00026634	1.9867e-08
1795	-5.1646	-0.0021174	0.5697
1796	-0.035234	2.2391e-05	0.00062098
1797	0.007056	0.0016505	2.5588e-05
1798	0.0017438	9.5121e-05	1.5234e-06
1799	0.00010583	-0.0020169	1.0236e-06
1800	-4.9497	-0.0011231	0.77103
1801	-0.019286	2.4829e-05	0.00018606
1802	-0.0038562	0.0013539	7.8977e-06
1803	-7.6564e-05	9.8478e-05	5.3594e-09
1804	0.00011594	-0.0019583	9.664e-07
1805	-3.2663	-3.7832e-05	1.9949
1806	0.0054858	-1.2798e-06	1.5054e-05
1807	-0.010131	0.00096211	5.1574e-05
1808	-0.0015714	5.7777e-05	1.2362e-06
1809	3.8335e-05	-0.0014403	5.1987e-07
1810	-0.85965	-0.0012902	0.34748
1811	0.022861	-2.8845e-05	0.00026143
1812	-0.01324	0.00054492	8.7765e-05
1813	-0.002386	-2.1906e-05	2.8481e-06
1814	-3.6163e-05	0.00016723	7.6528e-09
1815	0.25057	-0.0024096	0.031247
1816	0.027832	-4.7098e-05	0.00038747
1817	-0.0089755	0.00038602	4.0337e-05
1818	-0.0014259	-8.3764e-05	1.0189e-06
1819	-9.5069e-05	0.0014969	5.6526e-07
1820	-0.56705	-0.0029996	0.15659
1821	0.025598	-4.2094e-05	0.00032778
1822	-0.0034483	0.0006557	6.056e-06
1823	0.0004924	-8.0225e-05	1.229e-07
1824	-0.00012003	0.0020469	1.0557e-06
1825	-3.8156	-0.0036905	1.785
1826	0.017443	-2.668e-05	0.00015221
1827	0.0027522	0.0014269	4.2987e-06
1828	0.0019365	-1.2601e-05	1.876e-06
1829	-6.3858e-05	0.0012639	4.0179e-07
1830	-5.4231	-0.0034477	0.35498
1831	0.0033781	-1.1131e-05	5.7088e-06
1832	0.0056083	0.0021425	1.6883e-05
1833	0.0023576	5.1303e-05	2.7811e-06
1834	1.325e-06	0.00037687	3.5544e-08
1835	-4.4544	-0.003351	1.2601
1836	-0.0094479	-8.2969e-06	4.4653e-05
1837	0.0056002	0.0020959	1.6788e-05
1838	0.0022093	8.1457e-05	2.4434e-06
1839	4.2605e-05	-0.00040911	4.2792e-08
1840	-3.2941	-0.0027214	1.9911
1841	-0.012621	-7.8781e-06	7.9684e-05
1842	0.0029921	0.0020386	5.5184e-06
1843	0.00047354	5.6306e-05	1.1297e-07
1844	5.6601e-05	-0.00084881	1.819e-07
1845	-2.7934	-0.0021827	1.9419
1846	-0.013524	-1.7722e-05	9.1492e-05
1847	-0.00010318	0.0011321	3.2607e-07
1848	-0.001218	6.7783e-06	7.4212e-07
1849	2.8181e-05	-0.0008832	1.956e-07
1850	-3.3867	-0.0019717	1.973
1851	-0.0076707	-2.289e-05	2.9435e-05
1852	-0.0026224	-9.9671e-05	3.4427e-06
1853	-0.0021455	-3.9626e-05	2.3032e-06
1854	-4.1792e-06	-0.00056506	7.9912e-08
1855	-3.8221	-0.0023365	1.7809
1856	0.0026091	-2.4036e-05	3.4056e-06
1857	-0.003344	-0.0008507	5.7751e-06
1858	-0.0019672	-4.2779e-05	1.9363e-06
1859	-3.2373e-05	-6.6211e-07	5.2437e-10
1860	-2.7458	-0.0031098	1.9246
1861	0.0098495	-2.6243e-05	4.8531e-05
1862	-0.002688	-0.00056818	3.6954e-06
1863	-0.00097054	-2.2739e-05	4.7134e-07
1864	-4.1306e-05	0.00046754	5.5557e-08
1865	-1.9043	-0.0033729	1.3283
1866	0.0089131	-2.7369e-05	3.9741e-05
1867	-0.0012192	0.00039855	7.8333e-07
1868	0.00059489	2.7321e-06	1.7704e-07
1869	-3.468e-05	0.00065953	1.0945e-07
1870	-1.3895	-0.0030879	0.82017
1871	0.0025279	-2.9156e-05	3.1969e-06
1872	0.00056109	0.0011197	4.7124e-07
1873	0.0017795	2.2343e-05	1.5842e-06
1874	-8.1572e-06	0.0004923	6.0684e-08
1875	-2.5499	-0.0017669	1.8316
1876	-0.0038114	-2.4528e-05	7.2671e-06
1877	0.0018966	0.0015257	2.3819e-06
1878	0.0019391	2.4072e-05	1.8812e-06
1879	1.7036e-05	0.0001236	3.9685e-09
1880	-2.3833	-0.001368	1.7274
1881	-0.0063387	-1.0996e-05	2.01e-05
1882	0.0015846	0.0017138	1.9912e-06
1883	0.0014249	1.4179e-05	1.0158e-06
1884	2.6572e-05	-0.00024172	1.4975e-08
1885	-1.8541	-0.0014181	1.2803
1886	-0.0057341	-4.6291e-06	1.6448e-05
1887	0.00011324	0.0016989	7.2868e-07
1888	5.7399e-05	3.8722e-06	1.6519e-09
1889	2.5703e-05	-0.00045582	5.2325e-08
1890	-2.206	-0.0016612	1.5945
1891	-0.003365	1.4006e-06	5.6645e-06
1892	-0.0012082	0.00095931	9.6049e-07
1893	-0.0010936	-6.9032e-06	5.9833e-07
1894	1.2749e-05	-0.00044044	4.8626e-08
1895	-2.7848	-0.0028344	1.939
1896	0.00065807	-1.0831e-05	2.1667e-07
1897	-0.0021153	0.00036311	2.2713e-06
1898	-0.0016191	-1.1562e-05	1.3114e-06
1899	-4.4419e-06	-0.00010336	2.6835e-09
1900	-3.3876	-0.0033471	1.9728
1901	0.0039202	-1.9931e-05	7.6881e-06
1902	-0.0019621	1.6895e-05	1.9259e-06
1903	-0.0015963	-1.2051e-05	1.2748e-06
1904	-1.9232e-05	0.00024129	1.4755e-08
1905	-2.4411	-0.0030043	1.766
1906	0.0060889	-2.0718e-05	1.8546e-05
1907	-0.0014291	-0.00018992	1.0307e-06
1908	-0.00045288	-7.5706e-06	1.0261e-07
1909	-2.1797e-05	0.00040286	4.0852e-08
1910	-2.3859	-0.0029951	1.7292
1911	0.0047781	-1.2255e-05	1.1421e-05
1912	-0.00047825	-5.0053e-05	1.1505e-07
1913	0.00075688	1.2244e-06	2.8658e-07
1914	-2.1472e-05	0.00042408	4.5238e-08
1915	-2.6115	-0.0016146	1.8645
1916	0.0019619	-3.3337e-06	1.9254e-06
1917	0.00044669	7.9709e-05	1.0141e-07
1918	0.0013017	7.9211e-06	8.4762e-07
1919	-1.5009e-05	0.00010994	3.1377e-09
1920	-3.0356	1.5712e-05	1.9967
1921	-0.0013293	5.6273e-06	8.8399e-07
1922	0.0010485	0.00018263	5.5834e-07
1923	0.0011449	7.21e-06	6.5574e-07
1924	-2.31e-06	-0.00019401	9.4217e-09
1925	-3.1347	0.00091504	2.0024
1926	-0.0033955	1.0264e-05	5.7678e-06
1927	0.0013761	0.00023413	9.6099e-07
1928	0.00055025	5.5583e-06	1.5147e-07
1929	-4.4061e-06	-0.00039086	3.8241e-08
1930	-2.7357	0.00050754	1.9206
1931	-0.0026504	1.3378e-06	3.514e-06
1932	0.00081465	0.00017522	3.3968e-07
1933	-0.00019352	-2.1096e-07	1.8734e-08
1934	-7.1418e-06	-0.00033638	2.8341e-08
1935	-3.9554	-0.0016227	1.6907
1936	-0.0015554	-8.7197e-06	1.2103e-06
1937	-2.3272e-06	7.7931e-05	1.5225e-09
1938	-0.00075609	-4.7587e-06	2.8599e-07
1939	-1.833e-05	-0.00016505	6.9849e-09
1940	-5.1776	-0.0033513	0.55805
1941	0.00010809	-1.3013e-05	5.8871e-09
1942	-0.0006755	-3.8727e-06	2.2827e-07
1943	-0.00083599	-7.7165e-06	3.4963e-07
1944	-2.7164e-05	2.4497e-05	5.1929e-10
1945	-5.0119	-0.0040881	0.71119
1946	0.001472	-1.1284e-05	1.0839e-06
1947	-0.0010714	-4.4553e-05	5.7477e-07
1948	-0.00057859	-7.6791e-06	1.6748e-07
1949	-3.3522e-05	0.00017449	8.1814e-09
1950	-4.2823	-0.003993	1.4216
1951	0.0013483	-7.6923e-06	9.0943e-07
1952	-0.00078454	-3.7461e-05	3.0826e-07
1953	-4.6704e-05	-3.9386e-06	1.0951e-09
1954	-3.7635e-05	0.00020298	1.1019e-08
1955	-3.4594	-0.0032415	1.9529
1956	0.00056921	-1.8478e-06	1.6208e-07
1957	-0.0001715	-1.4163e-05	1.4763e-08
1958	0.00042495	1.634e-06	9.0338e-08
1959	-2.7828e-05	7.8752e-05	1.9394e-09
1960	-3.1268	-0.0021576	2.0023
1961	-0.00027359	-1.025e-06	3.7445e-08
1962	0.00040011	2.067e-05	8.019e-08
1963	0.00070635	5.7245e-06	2.496e-07
1964	-5.0637e-06	-5.4898e-05	7.6702e-10
1965	-2.1799	-0.002058	1.5733
1966	-0.0007269	-1.7995e-06	2.6432e-07
1967	0.00083194	7.1135e-05	3.475e-07
1968	0.00080513	7.1203e-06	3.2429e-07
1969	8.9266e-06	-0.00013713	4.7457e-09
1970	-2.6139	-0.0015456	1.8657
1971	-0.00064292	-3.9019e-06	2.0678e-07
1972	0.00083603	9.079e-05	3.5171e-07
1973	0.00079231	3.5062e-06	3.1404e-07
1974	5.3507e-06	-0.00011865	3.5374e-09
1975	-2.6234	-0.0013345	1.8704
1976	2.3835e-05	-7.6225e-06	2.9873e-10
1977	6.955e-05	9.8776e-05	4.8614e-09
1978	0.00047273	-5.6208e-08	1.1179e-07
1979	-1.3204e-06	-6.6399e-05	1.1042e-09
1980	-4.0356	-0.0020583	1.6303
1981	0.00057107	-7.0716e-06	1.6315e-07
1982	-0.00060764	9.7944e-05	1.8711e-07
1983	8.7544e-05	-2.9387e-06	3.836e-09
1984	-1.4077e-05	2.639e-05	2.7341e-10
1985	-5.5818	-0.002608	0.24382
1986	0.00059208	-5.2052e-06	1.7538e-07
1987	-0.00094058	7.1655e-05	4.4385e-07
1988	-0.00025066	-3.3189e-06	3.1433e-08
1989	-2.176e-05	0.00010209	2.8451e-09
1990	-5.151	-0.0022617	0.58196
1991	0.0005193	-4.2986e-06	1.3491e-07
1992	-0.00045402	2.3164e-05	1.0325e-07
1993	-0.00037325	-2.1712e-06	6.9693e-08
1994	-2.3388e-05	0.0001212	3.9496e-09
1995	-4.7289	-0.0010669	0.98904
1996	0.00040884	-3.3644e-06	8.362e-08
1997	0.00022776	-1.0133e-06	2.595e-08
1998	-0.00031978	-4.2912e-07	5.1155e-08
1999	-1.2679e-05	7.3102e-05	1.4177e-09
2000	-3.9876	-0.00060112	1.667
