1	79.908	36.219	3.1027
2	-207.98	-80.861	12.797
3	114.71	-520.84	72.073
4	403.38	-124.07	45.222
5	333.39	-542.32	101.41
6	-527.58	-453.06	120.93
7	-363.32	-216.7	46.079
8	270.84	62.512	19.547
9	-77.611	-223.93	15.224
10	-570.63	502.92	145.98
11	-365.73	196.4	43.871
12	-422.19	-332.22	73.417
13	-356.43	333.04	60.355
14	-172.26	185.88	17.811
15	-543.76	-547.08	148.87
16	-554.19	104.73	80.458
17	198.7	563.48	89.638
18	-359.52	-199.77	43.482
19	61.734	223.51	14.184
20	442.79	-451.18	101.07
21	79.908	36.219	3.1027
22	108.78	-445.43	53.827
23	231.26	-462.31	67.464
24	-492.05	-264.83	79.186
25	-238.76	-182.54	24.546
26	-356.45	365.69	66.266
27	-302.25	173.73	32.137
28	-322.67	-222.85	39.983
29	-256.84	197.66	27.237
30	-135.25	175.03	12.918
31	-319.49	-286.36	46.933
32	-379.13	100.62	39.226
33	196.44	490.44	70.811
34	-179.03	-106.52	12.845
35	434.69	-217.57	60.477
36	319.91	276.22	44.92
37	-160.09	-203.78	18.695
38	319.91	36.219	26.149
39	79.908	276.22	21.843
40	-160.09	36.219	8.6158
41	79.908	-203.78	13.162
42	79.908	36.219	3.1027
43	102.23	-192.05	12.735
44	128.41	-327.62	32.591
45	-446.88	43.595	50.808
46	1.17	-64.481	2.0563
47	24.681	188.34	9.7188
48	-154.8	98.533	9.9728
49	-55.7	-112.86	5.1588
50	-80.722	5.5802	3.0351
51	2.2847	105.81	4.3491
52	-108.79	2.2167	3.9611
53	0.72915	96.341	2.9125
54	165.89	295.48	29.692
55	-14.989	16.267	1.4874
56	423.7	77.463	47.196
57	44.815	109.29	4.6916
58	30.657	-166.53	8.2076
59	-343.04	319.65	56.774
60	216.43	81.152	14.989
61	357.38	-39.313	33.96
62	186.65	44.464	10.474
63	103.42	-163.2	9.6836
64	123.88	266.56	22.814
65	336.26	78.508	31.317
66	63.726	37.814	2.3947
67	132.52	126.68	9.4384
68	223	329.74	41.388
69	225.01	256.27	29.873
70	-254.99	-223.73	30.144
71	225.01	16.267	13.54
72	-14.989	256.27	17.878
73	-254.99	16.267	17.742
74	-14.989	-223.73	13.896
75	-7.8344	375.77	36.321
76	-60.923	65.461	2.7768
77	-258.02	408.66	58.479
78	347.31	135.93	35.727
79	356.6	-154.5	38.782
80	130.38	-201.17	15.368
81	315.39	434.59	72.801
82	600	65.853	91.237
83	-36.155	-195.79	10.885
84	140.9	158.76	12.86
85	-69.786	400.21	41.501
86	105.01	136.27	8.2814
87	-134.99	-103.73	7.7889
88	105.01	16.267	3.9346
89	-14.989	136.27	5.3138
90	-134.99	16.267	6.1045
91	-14.989	-103.73	3.401
92	-53.325	435.31	50.08
93	-127.84	264.58	22.681
94	-183.44	347.5	39.34
95	348.43	63.306	33.033
96	195.73	-163.29	17.66
97	88.082	-157.14	9.5094
98	267.97	283.5	39.538
99	600	48.218	90.687
100	-116.17	-256.62	21.564
101	135.92	99.647	8.2513
102	-303.02	348.21	54.213
103	45.011	76.267	3.4078
104	-74.989	-43.733	2.0753
105	45.011	16.267	1.3224
106	-46.677	298.91	23.306
107	-161.22	298	29.172
108	-68.909	220.37	14.025
109	166.28	-23.804	7.6329
110	-9.2781	24.9	1.4954
111	23.793	-22.216	1.4936
112	18.756	8.985	0.11493
113	408.04	31.582	43.752
114	-30.696	-106.29	3.3293
115	114.11	-3.3456	4.6336
116	-257.37	149.35	22.794
117	18.366	39.041	2.1605
118	-86.436	102.07	5.5143
119	43.82	83.042	3.7614
120	-57.806	-112.73	5.1323
121	-189.8	193.51	19.323
122	-35.876	112.78	4.4118
123	-205.1	-237.6	25.589
124	126.18	38.637	5.8566
125	75.438	94.714	5.2059
126	76.751	-88.588	4.2218
127	-199.94	-29.616	11.432
128	138.76	128.99	10.833
129	-101.24	-111.01	7.3996
130	138.76	8.985	4.9709
131	18.756	128.99	6.2379
132	-101.24	8.985	2.828
133	18.756	-111.01	5.1639
134	76.865	-209.31	13.527
135	-5.9255	-88.05	2.1588
136	134.16	-70.857	7.3463
137	-227.97	-162.44	20.55
138	-262.15	254.94	34.363
139	-69.118	206.4	12.705
140	-315.92	-270.13	44.039
141	-150.5	44.24	6.204
142	156.61	250.05	22.2
143	5.4208	-118.13	4.6742
144	-121.72	-175.68	12.514
145	78.756	68.985	3.8234
146	-41.244	-51.015	2.0251
147	78.756	8.985	3.5451
148	18.756	68.985	2.1931
149	-41.244	8.985	2.3631
150	18.756	-51.015	1.7936
151	108.98	-386.8	40.824
152	71.274	-220.3	14.55
153	194.78	-146.76	16.864
154	-239.22	-125.41	18.56
155	-143.72	212.31	16.882
156	-27.232	131.09	5.4911
157	-297.88	-164	29.098
158	-288.41	61.712	21.98
159	145.64	242.73	21.207
160	-39.766	-69.28	2.7329
161	-5.7421	-216.69	13.393
162	48.756	38.985	2.021
163	-11.244	-21.015	1.3044
164	48.756	8.985	1.5531
165	18.756	38.985	2.2244
166	-11.244	8.985	0.8068
167	18.756	-21.015	1.8569
168	69.455	-406.35	43.602
169	121.05	-283.89	24.904
170	156.51	-150.54	12.005
171	-186.88	-36.039	10.094
172	87.963	48.277	4.4299
173	26.444	-26.746	1.0978
174	-58.444	72.66	3.3148
175	-370.87	74.398	37.458
176	85.689	183.92	11.087
177	-58.896	22.901	1.3784
178	79.332	-177.4	11.125
179	33.756	23.985	1.2106
180	3.7563	-6.015	0.65051
181	33.756	8.985	1.9992
182	18.756	23.985	1.5438
183	3.7563	8.985	1.8386
184	18.756	-6.015	1.5383
185	4.6065	-338.66	29.758
186	111.93	-251.55	20.095
187	72.26	-11.912	1.8018
188	-36.534	36.67	1.3939
189	230.56	-126.92	18.247
190	72.052	-166.06	8.821
191	209.11	247.84	27.435
192	-269.11	85.472	21.286
193	-5.1128	6.8973	0.9545
194	-25.313	101	4.3698
195	131.22	-141.36	9.6728
196	26.256	16.485	0.97475
197	11.256	1.485	0.90398
198	26.256	8.985	0.76112
199	18.756	16.485	0.54458
200	11.256	8.985	0.79472
201	18.756	1.485	0.59315
202	-46.255	-105.86	4.8875
203	78.897	-54.473	3.9377
204	-18.164	119.57	5.4019
205	113.81	90.342	5.9007
206	329.4	-145.22	32.907
207	78.812	-159.23	9.736
208	297.41	366.07	56.778
209	-70.997	77.489	3.705
210	-85.677	-151.23	9.2047
211	15.943	102.8	2.8222
212	126.14	-53.627	4.8307
213	22.506	12.735	0.3725
214	15.006	5.235	0.41609
215	22.506	8.985	2.0149
216	18.756	12.735	2.0377
217	15.006	8.985	1.8384
218	18.756	5.235	1.9383
219	-44.899	155.95	8.1619
220	19.626	146.05	7.0871
221	-76.765	181.4	10.874
222	170.02	89.526	9.4018
223	152.06	-64.809	7.9116
224	66.733	-10.49	2.4471
225	242.47	383.56	52.904
226	148.83	52.411	7.5345
227	-110.21	-177.85	12.908
228	63.894	54.857	2.5481
229	90.304	28.03	3.628
230	20.631	10.86	1.1723
231	16.881	7.11	1.2039
232	20.631	8.985	1.3355
233	18.756	10.86	0.94429
234	16.881	8.985	1.4776
235	18.756	7.11	0.79197
236	4.2569	312.18	25.664
237	-38.097	234.66	15.905
238	-67.782	190.31	11.409
239	200.25	48.425	12.263
240	-39.552	56.154	2.0616
241	45.487	126.41	5.5026
242	47.284	240.1	16.95
243	329	29.198	28.129
244	-44.723	-168.61	7.878
245	84.511	-28.957	2.9426
246	34.806	98.525	4.5546
247	19.694	9.9225	0.62793
248	17.819	8.0475	0.66911
249	19.694	8.985	0.45448
250	18.756	9.9225	0.37269
251	17.819	8.985	0.58666
252	18.756	8.0475	0.27833
253	54.138	306.88	24.551
254	-51.318	201.48	12.034
255	42.01	114.96	5.1057
256	154.67	-9.6601	7.6402
257	-194.33	155.28	17.357
258	23.045	169.29	8.7659
259	-149.77	62.186	7.0603
260	314.41	30.302	26.761
261	25.853	-30.129	1.9755
262	99.197	-91.051	5.528
263	-8.7072	129.92	4.6919
264	19.225	9.4538	0.25845
265	18.288	8.5163	0.28427
266	19.225	8.985	0.18455
267	18.756	9.4538	0.19387
268	18.288	8.985	0.25969
269	18.756	8.5163	0.14422
270	80.666	224.34	15.201
271	-33.075	-32.806	1.5111
272	141.45	-9.5743	6.906
273	84.426	-40.294	2.2873
274	-243.68	125.53	19.644
275	3.5436	127.55	4.51
276	-290.54	-138.49	26.945
277	137.27	54.807	6.1778
278	80.867	114.52	5.3897
279	74.522	-65.215	3.7922
280	-31.708	122.37	4.8684
281	18.991	9.2194	0.14877
282	18.522	8.7506	0.16242
283	18.991	8.985	0.12272
284	18.756	9.2194	0.14112
285	18.522	8.985	0.16147
286	18.756	8.7506	0.11598
287	83.893	87.291	4.9317
288	-4.1643	-235.48	14.346
289	152.61	-116.13	10.409
290	-8.3121	-36.959	1.5972
291	-231.43	48.055	15.385
292	-1.9157	82.575	2.6154
293	-262.21	-220.13	30.319
294	-84.759	73.097	4.2799
295	75.965	174.72	10.514
296	28.714	-31.167	0.54495
297	-14.316	54.601	1.9057
298	18.873	9.1022	0.12174
299	18.639	8.8678	0.12865
300	18.873	8.985	0.11198
301	52.466	-73.169	3.0841
302	23.437	-379.74	37.176
303	112.72	-190.8	14.195
304	-92.617	-12.227	3.1394
305	-112.96	-38.928	5.2957
306	5.6007	-9.7402	0.3929
307	-7.0955	-180.93	9.6403
308	-269.17	67.106	20.748
309	13.773	148.6	6.6274
310	-13.891	10.085	0.91235
311	4.4284	-20.678	0.98127
312	18.991	9.1022	0.13239
313	18.756	8.8678	0.11203
314	18.991	8.985	0.12272
315	18.873	9.1022	0.12174
316	18.756	8.985	0.11493
317	18.873	8.8678	0.10908
318	9.8776	-182.35	8.4454
319	47.011	-204.1	12.942
320	32.339	-165.14	8.5986
321	-107.16	43.458	3.6164
322	36.628	-83.245	3.3921
323	15.091	-87.196	3.2724
324	235.4	2.9824	14.355
325	-242.57	52.024	16.867
326	-48.696	96.249	3.9082
327	-26.314	38.126	1.6326
328	22.611	-80.148	3.5413
329	18.991	8.985	0.12272
330	18.756	8.7506	0.11598
331	18.991	8.8678	0.11984
332	18.873	8.985	0.11198
333	18.756	8.8678	0.11203
334	18.873	8.7506	0.11304
335	-20.754	-263.5	18.279
336	61.155	50.336	2.5143
337	-37.548	-26.902	0.5595
338	-49.897	78.849	2.5229
339	153.23	-97.606	10.007
340	23.863	-135.25	5.6617
341	363.08	169.08	40.885
342	-55.128	49.884	2.4947
343	-70.971	15.765	2.3641
344	-9.665	36.801	1.9735
345	33.533	-78.246	2.9901
346	18.932	8.9264	0.11334
347	18.815	8.8092	0.10996
348	18.932	8.8678	0.11275
349	18.873	8.9264	0.10967
350	18.815	8.8678	0.10884
351	-24.94	-107.7	3.3442
352	62.144	238.67	15.716
353	-86.931	110.09	6.3115
354	27.677	78.356	3.0699
355	150.32	-41.461	7.5267
356	28.665	-113.22	4.3587
357	260.65	197.53	27.864
358	135.84	37.322	6.1865
359	-19.034	-57.482	2.881
360	21.545	18.073	2.0793
361	27.234	-48.972	1.2801
362	18.873	8.9264	0.10967
363	18.756	8.8092	0.11315
364	18.873	8.8678	0.10908
365	18.815	8.9264	0.10943
366	18.756	8.8678	0.11203
367	18.815	8.8092	0.10996
368	8.2626	50.801	1.5806
369	47.032	264.73	19.336
370	-109.5	145.61	8.6161
371	93.821	42.645	3.3782
372	67.745	30.023	2.517
373	24.21	-10.039	0.75804
374	124.64	130.03	9.4605
375	258.57	21.454	18.322
376	35.332	-83.02	2.6408
377	50.839	-27.224	1.0582
378	9.3231	-5.4247	0.26451
379	18.844	8.8971	0.10861
380	39.461	180.4	9.4643
381	-6.5431	265.74	17.861
382	-114.9	154.71	10.092
383	109.13	-5.6792	3.5504
384	-24.892	83.157	3.4954
385	10.318	88.555	3.5994
386	-65.397	22.366	1.3607
387	169.85	10.659	7.9363
388	73.073	-25.065	2.7864
389	64.748	-51.963	2.9183
390	-3.0683	38.921	0.65361
391	18.873	8.9264	0.10967
392	18.815	8.8678	0.10884
393	18.873	8.8971	0.10916
394	18.844	8.9264	0.10912
395	18.815	8.8971	0.10892
396	18.844	8.8678	0.10853
397	60.671	251.29	17.602
398	-58.123	175.63	9.5566
399	-72.022	65.357	2.7674
400	77.187	-41.456	2.8096
401	-100.33	88.873	4.5118
402	-2.1592	154.37	6.572
403	-174.7	-78.6	9.9835
404	5.4681	15.064	1.2955
405	57.14	43.093	1.794
406	56.796	-47.807	3.0852
407	-5.1798	66.159	2.5254
408	18.873	8.8971	0.10916
409	18.815	8.8385	0.10919
410	18.873	8.8678	0.10908
411	18.844	8.8971	0.10861
412	18.815	8.8678	0.10884
413	18.844	8.8385	0.10888
414	54.334	209.48	12.173
415	-69.16	23.863	2.732
416	-3.3367	-59.987	1.9082
417	-13.854	-61.249	1.7671
418	-92.354	61.572	4.3664
419	-4.6444	72.22	2.3566
420	-133.41	-144.43	10.668
421	-138.49	17.919	4.9149
422	13.866	101.19	3.8114
423	31.359	-30.854	2.4671
424	7.5476	63.224	1.7876
425	18.859	8.8825	0.10868
426	18.83	8.8532	0.1087
427	18.859	8.8678	0.1087
428	18.844	8.8825	0.10852
429	32.17	82.76	3.2551
430	-64.457	-115.87	5.4479
431	49.753	-158.15	7.6111
432	-92.523	-54.062	4.0031
433	-22.443	19.787	1.3542
434	-4.0204	-25.667	1.6565
435	-73.513	-131.79	6.8442
436	-149.03	15.175	6.56
437	-31.562	92.827	4.3376
438	3.6327	-8.7568	1.9006
439	22.836	41.525	1.2534
440	18.859	8.8971	0.10878
441	18.83	8.8678	0.10858
442	18.859	8.8825	0.10868
443	18.844	8.8971	0.10861
444	18.83	8.8825	0.10857
445	18.844	8.8678	0.10853
446	7.4962	-67.338	2.4565
447	-45.801	-199.9	11.269
448	68.183	-180.4	10.489
449	-141.22	-13.581	5.0592
450	51.232	-18.339	1.2174
451	5.8018	-104.03	3.9455
452	42.634	-45.818	1.8567
453	-51.8	9.9967	1.6703
454	-53.242	57.732	1.5557
455	-10.845	4.4882	0.88481
456	34.807	9.8378	2.0847
457	18.852	8.8898	0.10861
458	18.837	8.8752	0.10851
459	-9.6869	-138	4.8356
460	-25.089	-172.45	9.4272
461	82.417	-158.41	8.6255
462	-98.609	33.069	3.6432
463	105.62	-39.983	4.56
464	16.57	-113.36	4.314
465	124.16	38.677	5.2678
466	68.11	7.0486	2.0284
467	-43.878	-0.29359	0.50817
468	6.1384	17.098	0.20312
469	40.458	-19.944	1.5405
470	18.844	8.8825	0.10852
471	18.83	8.8678	0.10858
472	18.844	8.8752	0.10851
473	18.837	8.8825	0.10851
474	18.83	8.8752	0.10856
475	18.837	8.8678	0.10853
476	-5.9861	-127.42	5.5791
477	-7.8249	-39.231	1.4251
478	61.316	-48.522	2.5813
479	-37.749	63.308	1.6505
480	117.43	-51.704	5.2707
481	23.452	-73.679	2.4661
482	178.57	94.168	10.471
483	158.33	5.3322	7.5294
484	-17.456	-50.765	1.7611
485	26.039	27.809	0.9395
486	34.553	-32.116	0.80331
487	18.841	8.8788	0.1085
488	5.1352	7.6619	0.75526
489	19.256	102.69	4.5902
490	13.961	70.538	2.1308
491	36.685	63.547	2.0397
492	68.442	-37.067	2.144
493	22.067	5.6659	0.48283
494	195.15	108.26	13.07
495	174.57	9.533	8.4561
496	9.0163	-70.603	3.1311
497	40.395	27.288	2.4081
498	17.02	-26.517	1.503
499	18.844	8.8825	0.10852
500	18.837	8.8752	0.10851
501	18.844	8.8788	0.10851
502	18.841	8.8825	0.10851
503	18.837	8.8788	0.10851
504	18.841	8.8752	0.1085
505	18.059	128.62	5.9123
506	42.951	137.86	6.7245
507	-47.805	126.04	5.8542
508	76.527	53.134	2.7457
509	-4.6774	-9.1531	1.0608
510	17.572	72.429	2.2205
511	135.19	77.823	7.1343
512	155.01	15.825	7.1623
513	32.468	-39.511	2.1216
514	43.22	21.501	2.2156
515	-0.68722	0.85198	0.36337
516	18.844	8.8788	0.10851
517	18.837	8.8715	0.10851
518	18.844	8.8752	0.10851
519	18.841	8.8788	0.1085
520	18.837	8.8752	0.10851
521	18.841	8.8715	0.10851
522	24.132	195.19	10.142
523	37.661	113.05	4.7231
524	-76.559	136.2	7.2905
525	52.525	30.93	1.2979
526	-60.873	22.606	1.6898
527	12.385	89.631	2.2067
528	39.757	19.115	1.759
529	75.67	19.041	1.9216
530	41.74	16.623	1.9326
531	34.972	11.826	0.89506
532	-8.5147	25.972	1.7297
533	18.842	8.877	0.1085
534	18.839	8.8733	0.10851
535	18.842	8.8752	0.1085
536	18.841	8.877	0.1085
537	19.157	220.88	12.69
538	2.3706	33.172	1.2009
539	-60.154	42.329	2.4294
540	25.704	10.057	0.62172
541	-83.867	43.533	3.6968
542	7.23	62.786	1.4636
543	-60.045	-39.468	1.4154
544	-38.156	15.634	1.3718
545	15.071	60.528	2.277
546	17.631	2.5836	1.1668
547	4.6323	41.047	1.3681
548	18.842	8.8788	0.1085
549	18.839	8.8752	0.1085
550	18.842	8.877	0.1085
551	18.841	8.8788	0.1085
552	18.839	8.877	0.1085
553	18.841	8.8752	0.1085
554	10.469	167.33	8.2715
555	-23.361	-38.8	1.3792
556	-24.072	-72.15	2.0899
557	0.14628	-8.8491	0.030594
558	-63.483	35.527	1.5275
559	5.6677	-3.0482	1.4609
560	-98.259	-70.472	5.2407
561	-124.2	10.18	4.815
562	-22.368	77.005	2.1397
563	-3.3135	-1.7738	1.3102
564	24.279	31.605	2.0125
565	-3.4677	-24.892	1.4584
566	-36.862	-74.089	3.0637
567	11.391	-159.41	7.0274
568	-22.632	-25.7	1.9179
569	-33.022	-2.7385	1.2617
570	3.8269	-64.019	2.2457
571	-49.761	-94.878	4.2546
572	-165.59	-0.4183	8.4368
573	-49.719	40.073	2.8721
574	-17.639	-1.6046	0.92943
575	32.067	-5.8732	1.6878
576	0.14811	-8.8473	0.030888
577	0.14445	-8.8509	0.030304
578	-12.121	-182.26	10.242
579	-25.558	-35.893	0.60196
580	26.528	-171.81	8.6448
581	-32.598	-30.816	1.8744
582	6.992	-39.302	2.0705
583	2.7192	-93.879	2.3683
584	38.042	-31.936	2.3988
585	-99.793	-11.997	3.961
586	-51.627	-9.0803	1.4807
587	-21.989	-2.373	1.0153
588	22.685	-40.016	0.76052
589	0.14628	-8.8491	0.030594
590	0.14262	-8.8528	0.03002
591	-15.339	-246.35	16.083
592	-11.59	10.79	0.9383
593	9.6866	-126.31	5.2232
594	-27.569	-25.153	1.7177
595	40.053	-60.101	2.365
596	1.3573	-78.344	2.4486
597	106.46	33.873	3.7636
598	15.122	-10.111	1.6226
599	-45.644	-49.839	2.0712
600	-14.536	-0.33314	1.4303
601	3.6617	-60.133	2.0019
602	0.14628	-8.8491	0.030594
603	0.13895	-8.8564	0.029465
604	-13.093	-74.233	2.9468
605	0.21494	41.251	2.0371
606	-22.145	-25.03	1.6826
607	-13.491	-13.38	1.6924
608	53.616	-62.552	3.6451
609	0.063873	-38.197	1.665
610	106.7	83.749	6.4856
611	110.51	-2.0137	4.1786
612	-36.664	-63.531	2.0445
613	0.50796	1.11	0.38225
614	-12.627	-48.888	2.6355
615	0.14628	-8.8491	0.030594
616	0.13163	-8.8638	0.028417
617	-5.5238	103.85	3.9805
618	6.5435	20.732	1.6006
619	-49.65	66.313	3.5102
620	6.3464	0.68052	0.12551
621	18.208	-39.911	2.2813
622	1.4142	15.741	1.0415
623	74.68	81.131	3.5259
624	180.6	5.2677	9.1239
625	-29.453	-44.803	2.0876
626	15.235	3.2212	0.48232
627	-15.54	-23.316	0.49446
628	0.14628	-8.8491	0.030594
629	0.11698	-8.8784	0.026558
630	6.8096	231.06	13.494
631	-0.45506	-24.773	0.94144
632	-49.639	136.75	6.913
633	19.824	8.0638	0.6449
634	-27.471	-10.811	1.3624
635	4.1787	52.235	2.054
636	9.8703	23.038	0.40338
637	136.1	12.8	5.1816
638	-17.643	-17.3	0.81628
639	22.777	4.0616	0.45268
640	-5.4891	9.8529	0.48847
641	0.14628	-8.8491	0.030594
642	0.087684	-8.9077	0.0238
643	16.336	225.75	13.135
644	-11.855	-67.645	2.754
645	-28.46	135.66	5.6957
646	25.182	4.2077	2.148
647	-57.545	16.088	1.6911
648	6.7868	67.268	2.9345
649	-46.123	-37.196	2.0889
650	-21.396	14.263	0.51165
651	-9.0745	11.597	0.73544
652	25.707	3.6911	1.8922
653	9.5299	31.855	0.4203
654	0.14628	-8.8491	0.030594
655	0.02909	-8.9663	0.022142
656	18.483	118.68	5.1829
657	-20.681	-69.713	2.4673
658	-2.8193	53.488	2.6586
659	18.217	-6.093	1.4093
660	-67.096	31.473	1.9543
661	6.7242	59.814	2.0112
662	-74.324	-78.99	3.5751
663	-155.52	4.671	7.0642
664	-7.4458	27.321	0.84645
665	15.383	5.7578	0.50083
666	20.105	39.584	1.7908
667	0.14628	-8.8491	0.030594
668	-0.088097	-9.0835	0.034227
669	0.14628	-8.9663	0.032387
670	0.02909	-8.8491	0.020336
671	6.9329	-45.124	0.81921
672	-23.545	-55.914	1.9157
673	5.2104	-53.923	1.2996
674	5.4593	-17.564	0.41249
675	-27.953	34.393	2.143
676	4.503	27.485	1.3671
677	-54.599	-67.303	2.5475
678	-187.83	-1.1314	9.2711
679	-6.4101	28.899	1.233
680	0.43052	8.8339	0.11142
681	27.228	14.485	0.89495
682	0.14628	-8.7319	0.035594
683	-0.088097	-8.9663	0.025593
684	0.14628	-8.8491	0.030594
685	0.02909	-8.7319	0.025393
686	-0.088097	-8.8491	0.023791
687	0.02909	-8.9663	0.022142
688	-3.8381	-164.17	6.9835
689	-23.724	-27.384	1.188
690	9.0024	-130.21	4.7379
691	-9.5332	-22.898	0.27342
692	13.617	11.412	1.1851
693	2.8847	-17.386	2.0091
694	21.999	-27.327	2.1977
695	-111.05	-2.6146	3.9598
696	-23.015	17.775	1.7312
697	-12.965	5.3202	1.7989
698	20.016	-21.464	1.5544
699	0.087684	-8.7905	0.02542
700	-0.029504	-8.9077	0.020392
701	0.087684	-8.8491	0.023755
702	0.02909	-8.7905	0.022008
703	-0.029504	-8.8491	0.020348
704	0.02909	-8.9077	0.02038
705	-9.5647	-134.06	6.3611
706	-15.456	-0.0040292	2.0282
707	5.1169	-150.33	6.3137
708	-19.112	-19.347	0.75895
709	46.852	-18.817	2.3493
710	0.73498	-55.232	1.6046
711	79.916	29.039	2.7856
712	47.752	-1.5563	1.9373
713	-39.365	-8.1852	1.4874
714	-17.387	-2.7777	1.1191
715	6.1028	-46.028	1.1198
716	0.058387	-8.8198	0.022238
717	-0.00020676	-8.8784	0.01972
718	-9.3288	-20.065	1.0715
719	-9.5329	21.997	0.1612
720	-7.3359	-134.82	5.3275
721	-19.36	-11.258	1.2181
722	58.944	-40.413	1.5758
723	-0.22421	-65.558	2.7762
724	74.696	68.132	3.9335
725	158.5	2.8556	7.3464
726	-35.922	-30.094	1.3939
727	-16.492	-11.418	0.94614
728	-5.5938	-49.108	2.3716
729	0.02909	-8.8491	0.020336
730	-0.029504	-8.9077	0.020392
731	0.02909	-8.8784	0.020143
732	-0.00020676	-8.8491	0.019913
733	-0.029504	-8.8784	0.020155
734	-0.00020676	-8.9077	0.019957
735	0.30544	90.257	2.5127
736	-1.4832	27.216	1.105
737	-23.3	-54.256	2.0756
738	-8.3035	-3.1709	0.74947
739	45.512	-42.174	1.9635
740	-0.41722	-51.455	1.4304
741	30.582	90.811	3.1686
742	162.51	7.7903	7.1476
743	-27.629	-32.042	0.81954
744	-9.57	-11.212	0.9809
745	-9.7453	-31.852	0.4593
746	0.014442	-8.8638	0.019867
747	-0.014855	-8.8931	0.019895
748	0.014442	-8.8784	0.019824
749	-0.00020676	-8.8638	0.019763
750	-0.014855	-8.8784	0.01983
751	-0.00020676	-8.8931	0.019785
752	8.8128	141.2	6.6359
753	2.9131	13.496	0.080485
754	-40.186	40.924	1.1975
755	5.0221	0.87156	0.75777
756	25.244	-36.113	0.57125
757	-0.48606	-7.4939	0.52466
758	-17.248	51.624	1.752
759	137.75	6.6521	5.7628
760	-14.78	-29.173	1.1434
761	2.8589	-1.4691	1.4897
762	-8.0492	-5.9728	0.93398
763	0.0071175	-8.8711	0.019753
764	-0.007531	-8.8857	0.019767
765	0.0071175	-8.8784	0.019745
766	-0.00020676	-8.8711	0.019728
767	-0.007531	-8.8784	0.019748
768	-0.00020676	-8.8857	0.019739
769	14.208	104.57	3.7921
770	5.7531	-1.7737	0.74043
771	-38.96	86.081	3.3485
772	13.854	0.36202	0.7781
773	1.048	-17.972	0.58671
774	1.779	30.479	1.046
775	-43.244	-7.6809	0.99532
776	71.708	1.2735	2.8161
777	-6.9322	-13.559	1.8441
778	12.859	9.4531	0.1822
779	1.0406	16.255	0.82451
780	0.0034554	-8.8747	0.019727
781	-0.0038689	-8.8821	0.019734
782	0.0034554	-8.8784	0.019726
783	-0.00020676	-8.8747	0.019721
784	-0.0038689	-8.8784	0.019728
785	-0.00020676	-8.8821	0.019726
786	13.452	5.1717	1.6025
787	5.4206	-16.504	0.6693
788	-36.596	104.8	3.9561
789	19.151	-3.2696	1.7392
790	-13.515	-5.2852	1.5348
791	4.2154	50.892	1.5842
792	-27.935	-57.672	1.0854
793	-19.779	-5.0049	1.6556
794	-16.949	1.3276	1.2637
795	20.207	15.034	1.2342
796	10.471	32.72	1.0884
797	0.0016243	-8.8766	0.019721
798	-0.0020378	-8.8802	0.019724
799	0.0016243	-8.8784	0.019721
800	-0.00020676	-8.8766	0.01972
801	7.2695	-85.067	3.3165
802	2.6536	-22.438	0.25534
803	-34.42	23.989	1.1325
804	18.597	-6.8733	0.95569
805	-12.561	1.417	0.50131
806	6.1243	50.49	2.0551
807	12.744	-86.167	3.2173
808	-100.45	-3.7088	4.3912
809	-32.233	9.7025	0.70988
810	24.994	9.8556	0.41401
811	13.622	20.645	1.3721
812	0.0016243	-8.8747	0.019722
813	-0.0020378	-8.8784	0.019722
814	0.0016243	-8.8766	0.019721
815	-0.00020676	-8.8747	0.019721
816	-0.0020378	-8.8766	0.019722
817	-0.00020676	-8.8784	0.01972
818	-1.3471	-141.11	5.8164
819	-0.1796	-14.82	1.5406
820	-32.545	-66.732	2.8044
821	5.1379	-11.201	1.0654
822	-11.597	2.6032	1.1861
823	6.5046	37.027	0.86714
824	44.43	-78.536	2.5602
825	-102.67	-1.4213	3.9227
826	-34.675	5.7162	0.69174
827	20.991	-1.6602	1.3195
828	15.173	3.0286	0.59499
829	0.00070877	-8.8757	0.01972
830	-0.0011223	-8.8775	0.01972
831	0.00070877	-8.8766	0.01972
832	-0.00020676	-8.8757	0.01972
833	-0.0011223	-8.8766	0.01972
834	-0.00020676	-8.8775	0.01972
835	-7.6582	-93.9	3.3963
836	-2.3933	-2.8329	0.69635
837	-22.059	-143.74	6.7304
838	-7.8867	-14.336	1.0421
839	-7.0401	-0.69742	0.37219
840	5.6276	4.8208	1.7783
841	50.475	-33.155	2.0269
842	-46.057	3.0759	1.2586
843	-28.605	-4.9735	0.33085
844	1.6793	-10.997	1.0394
845	8.7251	-14.485	0.54844
846	0.00025101	-8.8761	0.01972
847	-0.00066452	-8.877	0.01972
848	0.00025101	-8.8766	0.01972
849	-0.00020676	-8.8761	0.01972
850	-0.00066452	-8.8766	0.01972
851	-0.00020676	-8.877	0.01972
852	-7.2501	12.011	1.3879
853	-2.1513	6.5222	0.95677
854	-9.4275	-176.29	9.3256
855	-16.363	-13.137	0.3243
856	-0.91818	-4.5361	1.6113
857	3.743	-33.966	1.6545
858	39.822	22.026	0.99785
859	27.805	6.8313	1.31
860	-11.69	-16.005	0.89598
861	-16.739	-9.9714	1.4646
862	-1.049	-23.578	1.4234
863	0.00025101	-8.8766	0.01972
864	-0.00066452	-8.8775	0.01972
865	0.00025101	-8.877	0.01972
866	-0.00020676	-8.8766	0.01972
867	-0.00066452	-8.877	0.01972
868	-0.00020676	-8.8775	0.01972
869	0.66759	95.674	3.2041
870	-0.0064416	10.866	0.85984
871	-6.5963	-109.44	4.3909
872	-12.519	-9.6321	0.19942
873	1.8784	-9.4406	1.3029
874	1.9785	-52.894	2.0795
875	19.25	63.723	1.6713
876	79.575	10.107	2.9403
877	-0.056449	-22.434	2.1122
878	-17.046	-3.0956	0.94137
879	-9.1564	-26.286	2.1249
880	2.2124e-05	-8.8768	0.019719
881	8.7189	112.95	4.0277
882	2.318	14.125	0.47642
883	-14.102	-9.5471	1.0408
884	-5.5016	-6.0794	1.3021
885	0.18849	-11.787	1.4891
886	1.2705	-31.398	1.5361
887	-6.4157	58.9	2.5624
888	76.823	5.21	2.607
889	1.8453	-17.085	1.3136
890	-7.4459	4.5622	1.4145
891	-8.2979	-26.267	1.603
892	0.00025101	-8.8766	0.01972
893	-0.00020676	-8.877	0.01972
894	0.00025101	-8.8768	0.01972
895	2.2124e-05	-8.8766	0.01972
896	-0.00020676	-8.8768	0.01972
897	2.2124e-05	-8.877	0.019719
898	14.805	103.12	3.2253
899	3.7187	7.4774	1.4732
900	-21.426	76.99	2.164
901	3.6732	-4.614	0.15299
902	-1.6802	-12.042	0.96996
903	1.0042	-6.0326	1.2413
904	-16.6	28.587	1.4019
905	20.047	-0.11126	0.73725
906	0.06569	-4.2231	1.9903
907	7.3486	5.8511	1.2854
908	-4.2686	-20.837	0.87186
909	0.00013657	-8.8767	0.01972
910	-9.2317e-05	-8.8769	0.019719
911	0.00013657	-8.8768	0.01972
912	2.2124e-05	-8.8767	0.019719
913	-9.2317e-05	-8.8768	0.019719
914	2.2124e-05	-8.8769	0.019719
915	13.605	45.966	1.3385
916	3.9824	1.4016	1.3698
917	-26.569	104	3.9185
918	11.253	-5.996	1.1567
919	-3.6452	-8.1598	1.7829
920	1.8863	14.266	0.80707
921	-6.1126	-2.1252	0.94345
922	-43.079	-0.70984	0.9211
923	-13.992	4.9878	1.1889
924	16.472	1.3481	1.4864
925	3.1721	-5.0045	0.08702
926	0.00013657	-8.8768	0.01972
927	-9.2317e-05	-8.877	0.019719
928	0.00013657	-8.8769	0.019719
929	2.2124e-05	-8.8768	0.019719
930	-9.2317e-05	-8.8769	0.019719
931	2.2124e-05	-8.877	0.019719
932	11.332	-25.474	0.97356
933	3.7667	-5.5687	0.44407
934	-32.537	71.471	2.1227
935	12.358	-8.4503	0.12365
936	-5.9185	-4.1681	1.9298
937	3.7818	15.674	1.1352
938	9.8229	-26.188	2.0671
939	-92.255	-3.5205	2.8055
940	-27.394	10.014	1.6575
941	15.265	-1.9389	1.2385
942	9.1278	7.6278	1.6376
943	7.9345e-05	-8.8769	0.019719
944	-3.5096e-05	-8.877	0.019719
945	7.9345e-05	-8.8769	0.019719
946	2.2124e-05	-8.8769	0.019719
947	3.6429	-65.52	1.462
948	2.6819	-3.0733	0.4964
949	-34.686	26.567	2.467
950	7.1547	-10.78	0.8941
951	-7.9278	0.58041	1.0834
952	3.9403	0.46421	1.6643
953	22.178	-30.607	0.43372
954	-100.3	-3.8128	4.3979
955	-30.744	10.259	0.82088
956	9.763	-7.3578	1.4816
957	9.7667	12.999	0.14945
958	7.9345e-05	-8.8768	0.019719
959	-3.5096e-05	-8.8769	0.019719
960	7.9345e-05	-8.8769	0.019719
961	2.2124e-05	-8.8768	0.019719
962	-3.5096e-05	-8.8769	0.019719
963	2.2124e-05	-8.8769	0.019719
964	-4.1395	-44.561	2.0404
965	1.4537	0.22818	0.88527
966	-30.094	-42.214	1.6708
967	-0.22314	-11.48	1.2869
968	-6.8115	4.1078	1.8554
969	3.3748	-16.898	1.8673
970	24.233	-12.49	1.7013
971	-76.986	-0.48259	2.4979
972	-28.506	8.9178	2.1962
973	-2.8664	-7.8036	1.7114
974	7.3133	12.371	1.4528
975	5.0735e-05	-8.8768	0.019719
976	-6.4859e-06	-8.8769	0.019719
977	-8.2402	-12.386	0.75936
978	0.5385	2.0863	0.91923
979	-27.371	-99.734	3.7748
980	-6.6263	-10.418	0.59733
981	-3.9137	5.9663	0.67331
982	2.7036	-26.7	2.0852
983	20.8	10.569	1.2738
984	-15.812	2.0164	1.2072
985	-21.648	0.50848	1.9986
986	-12.12	-6.9884	0.84406
987	0.53874	3.7813	1.7698
988	2.2124e-05	-8.8769	0.019719
989	-3.5096e-05	-8.8769	0.019719
990	2.2124e-05	-8.8769	0.019719
991	-6.4859e-06	-8.8769	0.019719
992	-3.5096e-05	-8.8769	0.019719
993	-6.4859e-06	-8.8769	0.019719
994	-5.2835	24.994	0.95518
995	-0.22332	4.9089	1.9287
996	-29.31	-118.69	4.4184
997	-8.828	-8.452	1.8259
998	-0.7645	5.978	1.3457
999	2.133	-24.75	1.2715
1000	11.194	26.451	1.0114
1001	36.988	1.7266	1.0831
1002	-9.1759	-9.869	1.7896
1003	-15.237	-1.8699	1.2781
1004	-5.2315	-8.746	0.53227
1005	7.8193e-06	-8.8769	0.019719
1006	-2.0791e-05	-8.8769	0.019719
1007	7.8193e-06	-8.8769	0.019719
1008	-6.4859e-06	-8.8769	0.019719
1009	-2.0791e-05	-8.8769	0.019719
1010	-6.4859e-06	-8.8769	0.019719
1011	-0.018857	34.784	0.44323
1012	-0.26077	7.3505	0.56289
1013	-22.857	-85.782	2.6022
1014	-7.8516	-6.9639	1.027
1015	0.91666	-3.4386	1.4646
1016	2.7451	-13.974	0.22274
1017	-0.31618	36.143	0.46041
1018	69.788	1.5514	1.8613
1019	-0.14075	-18.716	0.31034
1020	-8.6163	3.1127	0.61396
1021	-7.7395	-18.753	1.0151
1022	4.6354	43.165	1.5194
1023	0.67817	6.2266	1.247
1024	-22.664	-18.873	1.7742
1025	-2.8108	-6.5751	0.95316
1026	0.50034	-13.41	1.921
1027	2.32	-3.8481	0.38338
1028	-4.2528	21.257	0.77171
1029	64.881	-0.2235	2.5072
1030	7.8706	-24.828	1.1742
1031	2.4257	3.3297	0.47167
1032	-3.4442	-24.653	1.3009
1033	7.3565	47.925	1.9619
1034	1.5293	3.8583	1.0423
1035	-26.728	40.493	1.5658
1036	4.0281	-7.3547	1.314
1037	-2.0095	-17.818	1.5049
1038	1.8881	0.51407	1.2926
1039	3.0595	-7.9114	1.7873
1040	33.1	-0.60705	1.3766
1041	12.324	-23.556	1.7423
1042	10.696	3.1672	0.84818
1043	4.075	-17.713	1.6771
1044	8.9927	24.311	1.0881
1045	2.5729	1.4309	1.449
1046	-33.027	75.425	2.6548
1047	8.2373	-8.5745	1.4003
1048	-5.9899	-13.743	1.9727
1049	0.97107	-0.20314	0.44164
1050	9.2429	-26.738	2.182
1051	-23.559	1.7879	1.1403
1052	13.008	-17.058	0.32341
1053	11.824	-1.167	0.53525
1054	9.4179	-3.9886	0.07733
1055	2.7749	-7.5031	1.5378
1056	2.4983	1.8155	1.2289
1057	-25.018	29.635	1.8825
1058	8.6923	-9.8145	1.6318
1059	-9.0331	-3.9176	0.16301
1060	0.19134	-6.0493	1.4228
1061	16.382	-30.076	0.70816
1062	-66.093	3.7277	1.2269
1063	5.4113	-7.7047	0.5904
1064	8.0568	-7.2364	1.1086
1065	10.025	7.8362	1.6489
1066	-4.4665	-33.445	1.3058
1067	1.8541	3.5139	0.78262
1068	-9.1388	-51.679	2.075
1069	5.2956	-10.87	0.94451
1070	-10.787	2.9668	0.92695
1071	-0.049717	-13.182	2.0368
1072	16.27	-11.772	0.71746
1073	-86.888	0.62031	2.4583
1074	-4.6508	-1.7916	1.0246
1075	0.1478	-8.9874	0.033656
1076	9.1725	14.573	0.45731
1077	-7.7649	-19.951	1.112
1078	0.73624	6.5812	1.0545
1079	4.5717	-113.29	4.2143
1080	-0.58698	-10.826	0.86501
1081	-6.8841	1.6287	0.67683
1082	0.98757	-19.075	0.75845
1083	9.9676	8.8375	1.9001
1084	-64.511	-1.5176	2.0929
1085	-11.151	-1.7238	0.97837
1086	-6.8781	-10.484	0.68597
1087	5.454	2.063	0.93301
1088	-9.0488	14.931	0.68172
1089	-0.2044	5.2857	1.8174
1090	5.0156	-133.07	5.1382
1091	-5.3848	-10.393	0.73304
1092	-3.0841	-2.2097	1.0119
1093	2.4318	-20.369	0.90607
1094	5.761	20.505	1.4204
1095	-20.932	-0.92713	1.4977
1096	-8.1445	-9.0987	1.3205
1097	-10.268	-10.549	1.3098
1098	3.2681	-14.677	0.48213
1099	-4.288	42.986	1.6818
1100	-0.32099	2.5593	1.2262
1101	-8.4977	-126.5	5.0716
1102	-7.3025	-9.0818	0.51501
1103	-0.758	-6.562	1.0634
1104	2.9044	-17.953	2.0467
1105	0.93846	19.602	0.935
1106	24.426	0.20216	0.39626
1107	1.3885	-17.049	0.91498
1108	-5.1661	-10.385	0.81933
1109	0.49438	-27.085	0.34317
1110	2.6685	58.144	0.98975
1111	1.0065	-3.4424	1.4097
1112	-31.412	-62.617	1.2699
1113	-2.2954	-7.8729	1.5168
1114	-0.60468	-10.833	0.87111
1115	2.3058	-14.982	0.79523
1116	2.575	3.8549	0.23355
1117	54.057	-1.3404	2.1955
1118	8.9712	-22.705	0.30358
1119	1.7318	-9.1129	1.1798
1120	2.1468	-33.343	1.2871
1121	7.4136	30.027	1.5484
1122	2.6866	-4.3023	0.1126
1123	-45.811	19.361	1.7286
1124	3.7291	-7.3215	1.3899
1125	-2.2823	-12.347	0.53762
1126	1.6244	-10.12	1.0607
1127	8.0419	-11.106	1.0472
1128	66.253	-5.2435	1.293
1129	12.436	-26.52	0.2277
1130	7.6304	-7.8535	0.86473
1131	5.3528	-23.24	1.5893
1132	6.8105	-11.492	1.2769
1133	3.2714	-4.4393	0.016018
1134	-41.909	74.268	2.5157
1135	6.8661	-7.0822	0.78123
1136	-4.5616	-10.613	1.0848
1137	1.3803	-7.516	0.90733
1138	13.024	-18.436	0.32717
1139	53.232	-9.3842	2.6546
1140	13.126	-27.14	0.42889
1141	8.5233	-7.3371	1.3158
1142	7.8239	0.64688	0.98839
1143	4.8426	-45.084	1.3979
1144	3.7866	-4.5601	0.21242
1145	-20.511	116.28	4.5635
1146	6.0598	-6.9485	0.82664
1147	-6.7554	-8.0137	0.30095
1148	2.3954	-5.5426	0.48588
1149	15.895	-14.441	0.42137
1150	31.099	-9.6525	0.45107
1151	13.099	-25.084	0.81912
1152	6.3009	-5.7212	1.6366
1153	9.6443	18.12	2.0518
1154	3.2714	-4.4393	0.01602
1155	3.2714	-4.4393	0.016016
1156	0.56142	-34.969	0.52812
1157	3.9385	-4.5656	0.31283
1158	-0.30477	90.747	2.837
1159	4.6261	-7.0329	1.0399
1160	-8.7191	-3.7482	0.35134
1161	3.5869	-5.6342	0.41042
1162	14.07	-6.3976	1.0723
1163	0.35822	-6.4254	1.1678
1164	8.5823	-22.372	0.48208
1165	2.8157	-4.3732	0.060536
1166	9.1138	14.483	0.42096
1167	3.2714	-4.4393	0.016018
1168	3.2714	-4.4393	0.016014
1169	-3.2862	-1.9801	1.1718
1170	3.5863	-4.4664	0.1056
1171	0.84395	26.626	0.51306
1172	3.0158	-6.8042	1.1118
1173	-9.32	-0.19934	2.0064
1174	4.2903	-9.0531	1.4319
1175	7.6995	4.9744	1.1642
1176	-21.504	-1.687	1.4423
1177	6.0961	-15.482	1.1163
1178	-0.81056	-5.006	1.6416
1179	8.0206	0.99679	1.1427
1180	3.2714	-4.4393	0.016018
1181	3.2713	-4.4394	0.016011
1182	-4.727	35.74	1.3105
1183	3.1063	-4.3638	0.0093607
1184	2.029	-43.272	1.7716
1185	0.73667	-6.3264	1.1854
1186	-4.3822	0.49056	1.3098
1187	4.2246	-11.653	0.86209
1188	1.797	11.328	0.99808
1189	-6.663	1.669	0.65814
1190	5.4668	-7.9732	0.47619
1191	-1.912	-6.87	1.0612
1192	4.7577	-13.243	1.0947
1193	-3.6271	64.556	1.9616
1194	2.6838	-4.2735	0.11576
1195	2.5744	-75.272	1.5886
1196	-1.3851	-6.1227	1.0788
1197	2.4623	-0.66328	1.6956
1198	3.914	-12.512	0.44299
1199	-2.492	15.395	0.97357
1200	10.037	3.4256	0.4126
1201	7.3768	-9.204	0.58706
1202	-2.2697	-7.8889	1.5069
1203	1.7673	-19.795	1.126
1204	3.1064	-4.3636	0.0093611
1205	3.1061	-4.3639	0.0093603
1206	0.46991	45.023	0.69277
1207	2.6061	-4.2361	0.15536
1208	2.3446	-22.455	0.43867
1209	-1.4475	-5.6793	1.0875
1210	4.6959	-3.7753	0.99442
1211	2.8744	-10.309	1.5445
1212	-0.52832	10.312	0.56619
1213	29.349	1.1509	1.5426
1214	7.8071	-15.647	1.0732
1215	-0.11684	-8.6274	0.041955
1216	1.3245	-18.493	0.87314
1217	3.1063	-4.3638	0.0093607
1218	3.106	-4.364	0.0093599
1219	4.4668	20.025	1.0998
1220	2.8288	-4.2351	0.065268
1221	2.417	30.485	0.55484
1222	-1.1752	-5.7413	1.2426
1223	0.59666	-6.6774	1.0036
1224	2.0302	-9.1145	1.4594
1225	9.244	-0.033798	2.0048
1226	43.481	-2.8296	1.8402
1227	7.4944	-18.402	0.78121
1228	2.0939	-7.5417	1.3057
1229	1.7817	-8.8453	1.2296
1230	3.1063	-4.3638	0.0093607
1231	3.1058	-4.3642	0.0093592
1232	6.8319	-4.984	1.8094
1233	3.2322	-4.3338	0.014371
1234	2.574	61.437	2.6686
1235	0.73167	-6.5497	1.0711
1236	-6.7088	-7.7775	0.38124
1237	2.0847	-8.1726	1.4481
1238	19.765	-5.8598	1.4346
1239	41.939	-5.009	1.027
1240	6.8565	-18.942	0.53282
1241	4.4242	-6.4128	0.96489
1242	5.2942	1.1792	0.63802
1243	3.1063	-4.3638	0.0093607
1244	3.1053	-4.3647	0.009358
1245	4.2153	-25.276	1.4311
1246	3.5348	-4.4335	0.084391
1247	2.6485	49.334	0.77606
1248	2.9405	-7.9666	1.7981
1249	-13.769	-7.0134	0.97173
1250	2.4878	-7.3988	1.4092
1251	23.072	-3.5977	0.74736
1252	35.152	-5.8385	0.8607
1253	7.0282	-14.062	1.7003
1254	5.3616	-4.6764	1.609
1255	8.9443	7.6117	1.5851
1256	3.1063	-4.3638	0.0093607
1257	3.1044	-4.3656	0.0093566
1258	0.54493	-14.097	1.7819
1259	3.6538	-4.479	0.13695
1260	2.8026	14.428	0.38169
1261	3.6135	-8.2723	1.8286
1262	-16.654	-5.8004	0.74236
1263	3.058	-6.5609	0.94027
1264	15.83	2.7397	0.70887
1265	14.228	-4.0023	0.96855
1266	8.2153	-10.712	1.1432
1267	4.5453	-4.7525	0.84845
1268	10.827	6.0475	0.96758
1269	3.1063	-4.3638	0.0093607
1270	3.1026	-4.3674	0.0093575
1271	3.1063	-4.3656	0.0092932
1272	-2.8526	6.9933	1.2353
1273	3.2872	-4.4637	0.018375
1274	2.9928	-23.411	0.48364
1275	3.5667	-6.9813	1.2178
1276	-8.4739	-4.1854	0.45096
1277	3.4288	-7.1709	1.352
1278	8.8703	8.5063	1.8575
1279	-0.32199	-2.3921	1.1157
1280	10.082	-9.1996	1.8189
1281	2.4659	-5.0658	0.30212
1282	9.8596	-0.048305	1.9307
1283	3.1081	-4.3638	0.0093006
1284	3.1044	-4.3674	0.0092907
1285	-2.0694	29.655	0.97134
1286	2.8607	-4.3986	0.046537
1287	3.1717	-42.96	1.9709
1288	3.0383	-5.7618	0.41807
1289	1.129	-2.7816	1.1672
1290	3.5005	-8.6711	1.9474
1291	1.0862	11.213	1.0665
1292	-1.5542	-1.0782	0.98886
1293	11.226	-9.9406	0.8884
1294	0.75044	-5.3406	1.5962
1295	8.2942	-8.5232	1.4475
1296	3.1063	-4.3656	0.0092932
1297	3.1026	-4.3693	0.0092933
1298	3.1063	-4.3674	0.0092273
1299	1.1953	47.438	1.7569
1300	2.6343	-4.3301	0.13511
1301	3.1523	-24.347	1.0876
1302	1.9816	-5.757	0.77026
1303	8.312	-2.4401	0.95065
1304	3.3796	-10.883	1.1859
1305	2.0057	12.421	0.70198
1306	7.556	-0.31942	0.72818
1307	9.5103	-14.703	0.51517
1308	-0.27113	-6.288	1.2633
1309	6.1694	-12.755	1.963
1310	3.1081	-4.3656	0.0092331
1311	3.1044	-4.3693	0.0092266
1312	4.3709	57.496	1.502
1313	2.592	-4.3027	0.15774
1314	3.1135	-5.6761	0.36743
1315	1.3916	-5.9015	1.1007
1316	7.9414	-2.4107	1.0056
1317	2.9694	-13.044	0.079463
1318	10.996	8.9243	1.0497
1319	15.481	0.072498	2.033
1320	6.6864	-16.608	0.45442
1321	-0.32802	-7.2009	0.66236
1322	3.6281	-9.7977	1.7338
1323	3.1063	-4.3674	0.0092273
1324	3.1026	-4.3711	0.0092309
1325	3.1063	-4.3693	0.0091631
1326	5.6755	50.549	1.9552
1327	2.7497	-4.3143	0.086186
1328	3.0759	10.746	1.2836
1329	1.5424	-6.0482	1.0217
1330	2.6699	-3.4552	0.32252
1331	2.6772	-14.279	0.353
1332	19.793	-0.09893	0.51214
1333	23.137	-1.1822	1.4103
1334	4.292	-15.037	0.91621
1335	0.35002	-7.3073	0.60089
1336	1.8581	-3.7312	0.75608
1337	3.1081	-4.3674	0.0091672
1338	3.1044	-4.3711	0.0091641
1339	3.1081	-4.3693	0.0091031
1340	5.3254	36.556	0.9071
1341	3.0687	-4.3523	0.011791
1342	3.0626	13.441	0.053743
1343	1.5617	-6.1648	1.0132
1344	-5.1658	-4.7396	1.4407
1345	2.6446	-12.355	0.36099
1346	21.373	-8.7239	1.943
1347	30.148	-2.8787	1.3628
1348	4.0294	-11.046	1.0618
1349	1.5183	-7.4528	0.98672
1350	3.2448	1.2752	1.62
1351	3.1118	-4.3656	0.009123
1352	3.1044	-4.3729	0.0091033
1353	3.1118	-4.3693	0.008993
1354	2.0242	15.755	1.1264
1355	3.363	-4.3966	0.03259
1356	3.0652	15.28	0.87169
1357	1.2406	-6.6746	1.0092
1358	-9.6629	-5.777	0.46117
1359	2.8072	-7.2613	1.4022
1360	18.929	-12.461	1.9436
1361	30.907	-3.9309	2.0592
1362	6.9666	-9.0794	0.26456
1363	2.7158	-7.9211	1.7245
1364	5.772	2.8484	1.3845
1365	3.1191	-4.3619	0.0090798
1366	3.1044	-4.3766	0.0089866
1367	-1.2204	4.7416	1.3416
1368	3.4828	-4.4319	0.065632
1369	3.0843	7.401	1.5129
1370	0.47729	-7.4407	0.55041
1371	-8.9092	-6.01	0.64055
1372	3.1358	-2.1956	1.0219
1373	16.552	-6.4714	0.98856
1374	18.274	-3.0088	1.529
1375	9.5534	-7.6929	1.697
1376	3.2191	-7.6484	1.6563
1377	7.7902	0.71523	0.95957
1378	3.1118	-4.3693	0.008993
1379	3.0971	-4.3839	0.0090608
1380	3.1118	-4.3766	0.008753
1381	-3.4862	5.7512	0.44496
1382	3.4924	-4.4407	0.068881
1383	3.0965	2.6739	0.69002
1384	0.30467	-8.1813	0.17874
1385	-6.7424	-4.5443	1.9106
1386	3.3507	0.063521	1.98
1387	12.777	3.5804	1.8456
1388	6.0831	-1.5275	0.54799
1389	12.147	-9.209	0.16857
1390	2.8352	-7.3775	1.4763
1391	8.492	-1.7217	1.2249
1392	3.1191	-4.3693	0.0088129
1393	3.1044	-4.3839	0.0087735
1394	3.1191	-4.3766	0.0085729
1395	-4.9368	8.3251	0.81814
1396	3.3754	-4.4216	0.035059
1397	3.0959	-0.9574	1.7813
1398	1.4776	-7.5663	0.95943
1399	-3.2404	-3.1351	0.40599
1400	3.4496	-3.8077	0.14818
1401	5.3569	9.9814	0.60278
1402	-2.0612	-1.0242	1.3541
1403	13.286	-8.939	0.31258
1404	1.9649	-6.4217	0.94571
1405	9.0777	-4.549	0.088035
1406	3.1337	-4.3619	0.0088805
1407	3.1044	-4.3912	0.0085872
1408	3.1337	-4.3766	0.0083735
1409	-4.745	16.939	1.0502
1410	3.1964	-4.3832	0.0097459
1411	3.1013	-3.0997	0.42341
1412	2.6389	-6.6559	1.0076
1413	2.1304	-2.0995	1.048
1414	3.505	-8.6678	1.9455
1415	0.29462	13.267	2
1416	-4.4714	-0.96115	1.1909
1417	10.155	-7.4606	1.4373
1418	0.38487	-5.7395	1.5721
1419	7.4571	-6.9388	0.95139
1420	3.163	-4.3473	0.009739
1421	3.1044	-4.4059	0.008295
1422	0.64342	25.252	0.72308
1423	2.9584	-4.367	0.025107
1424	3.0936	-2.8254	0.59068
1425	2.809	-5.5224	0.32663
1426	2.5881	-2.6698	0.73823
1427	3.3672	-13.482	0.079299
1428	-1.5183	13.585	1.0983
1429	0.87975	-2.5609	1.1534
1430	7.4735	-6.1611	1.1528
1431	-0.66714	-5.5266	1.5738
1432	4.8764	-7.5366	0.92573
1433	3.1337	-4.3766	0.0083735
1434	3.0751	-4.4352	0.0095044
1435	3.1337	-4.4059	0.0076813
1436	6.2542	31.751	2.1574
1437	2.8093	-4.3814	0.062369
1438	3.1007	2.0489	1.1251
1439	1.5931	-5.5992	0.99322
1440	-1.3467	-3.82	1.2051
1441	3.1932	-15.603	1.1005
1442	-0.62469	12.197	1.6025
1443	11.604	-3.4561	1.4746
1444	5.8294	-4.5648	1.9092
1445	-0.86169	-5.3287	1.5348
1446	4.2973	-5.6214	0.74132
1447	3.163	-4.3766	0.008618
1448	3.1044	-4.4352	0.0080324
1449	3.163	-4.4059	0.007926
1450	3.1337	-4.3766	0.0083735
1451	3.1044	-4.4059	0.008295
1452	3.1337	-4.4352	0.0074186
1453	7.9405	31.721	1.1891
1454	2.7767	-4.4251	0.072724
1455	3.1006	8.4779	1.9783
1456	0.11779	-6.8623	0.87318
1457	-5.7444	-4.9831	1.8109
1458	3.0452	-16.52	1.7008
1459	2.2356	8.5936	1.6235
1460	23.306	-2.7755	1.0411
1461	5.2309	-3.9778	1.4799
1462	-0.53204	-4.9696	1.8089
1463	3.8514	-3.2117	0.51752
1464	3.163	-4.4059	0.007926
1465	3.1044	-4.4645	0.0081992
1466	3.163	-4.4352	0.0076633
1467	3.1337	-4.4059	0.0076813
1468	3.1044	-4.4352	0.0080324
1469	3.1337	-4.4645	0.0075854
1470	5.4607	23.012	1.715
1471	2.9688	-4.4673	0.022232
1472	3.0986	13.252	0.048693
1473	-0.67185	-8.5111	0.26286
1474	-10.534	-5.4635	0.7011
1475	2.9536	-15.729	1.1882
1476	11.243	5.2753	1.2423
1477	30.254	-2.6085	1.338
1478	7.4265	-5.7451	1.2729
1479	1.0884	-5.5474	1.3374
1480	4.2039	-1.7579	1.1619
1481	3.1484	-4.4205	0.0075113
1482	3.1191	-4.4498	0.0076479
1483	3.1484	-4.4352	0.0074336
1484	3.1337	-4.4205	0.0074962
1485	3.1191	-4.4352	0.0076182
1486	3.1337	-4.4498	0.0074483
1487	0.58142	10.681	0.7806
1488	3.1983	-4.4828	0.0095849
1489	3.114	11.99	0.45438
1490	0.77023	-9.9039	0.48502
1491	-10.258	-5.3174	0.4853
1492	3.1209	-12.88	0.094061
1493	17.86	1.378	0.77167
1494	30.706	-1.9813	1.1085
1495	8.3236	-8.7794	1.4879
1496	2.4535	-6.112	0.71674
1497	5.4893	-2.2146	1.0053
1498	3.141	-4.4278	0.0074247
1499	3.1264	-4.4425	0.007493
1500	3.141	-4.4352	0.0073992
1501	-3.4232	0.63446	1.8686
1502	3.3469	-4.4705	0.028988
1503	3.1288	9.9001	1.7805
1504	2.7003	-10.046	1.6439
1505	-6.7392	-4.3458	1.9118
1506	3.3464	-9.3825	1.9441
1507	18.512	-0.98156	0.36076
1508	22.266	-2.0922	1.2128
1509	8.8008	-9.4458	1.7904
1510	3.2943	-6.5865	0.95922
1511	7.6743	-4.4545	1.1984
1512	3.1484	-4.4278	0.007459
1513	3.1337	-4.4425	0.00742
1514	3.1484	-4.4352	0.0074336
1515	3.141	-4.4278	0.0074247
1516	3.1337	-4.4352	0.0074186
1517	3.141	-4.4425	0.0074007
1518	-2.1255	5.3029	0.57586
1519	3.3569	-4.4354	0.030828
1520	3.138	7.1185	1.3308
1521	4.1792	-8.3272	1.4909
1522	0.6812	-3.3088	1.543
1523	3.5271	-5.6037	0.37934
1524	17.326	-3.1991	1.1078
1525	8.3396	-3.0157	0.7711
1526	9.0314	-7.5391	1.5702
1527	3.1341	-6.1646	0.6659
1528	8.2609	-6.1887	0.89601
1529	3.1447	-4.4315	0.0074191
1530	3.1374	-4.4388	0.0073996
1531	3.1447	-4.4352	0.0074097
1532	3.141	-4.4315	0.0074086
1533	3.1374	-4.4352	0.0074022
1534	3.141	-4.4388	0.0073966
1535	0.42068	13.039	1.9363
1536	3.2236	-4.4062	0.011146
1537	3.1343	5.582	0.31751
1538	4.2415	-6.2264	0.87593
1539	6.8378	-2.7396	1.3181
1540	3.5793	-4.2551	0.10997
1541	16.146	-0.0082543	1.9707
1542	-5.4118	-2.3481	1.0663
1543	7.7905	-5.7698	1.061
1544	2.8082	-6.2969	0.76917
1545	7.0103	-7.0153	0.84106
1546	3.1447	-4.4352	0.0074097
1547	3.1374	-4.4425	0.0074036
1548	3.1447	-4.4388	0.0074071
1549	3.141	-4.4352	0.0073992
1550	3.1374	-4.4388	0.0073996
1551	3.141	-4.4425	0.0074007
1552	3.7933	24.84	1.3817
1553	3.0588	-4.4085	0.010917
1554	3.13	3.0627	0.44441
1555	3.5576	-4.0936	0.12038
1556	4.555	-3.6475	0.87591
1557	3.4081	-3.5289	0.23589
1558	15.107	3.2919	0.49326
1559	-13.448	-0.85407	0.52178
1560	6.4043	-3.6977	1.8717
1561	2.2343	-7.0743	1.1898
1562	5.1415	-6.4223	1.0878
1563	3.1429	-4.437	0.0074006
1564	3.1392	-4.4407	0.0073976
1565	3.1429	-4.4388	0.0074002
1566	3.141	-4.437	0.0073971
1567	3.1392	-4.4388	0.0073964
1568	5.8751	23.248	1.8271
1569	2.9505	-4.4151	0.025438
1570	3.1233	-1.2588	1.6321
1571	2.0916	-2.4711	0.91524
1572	-0.0447	-4.7884	1.9751
1573	3.1638	-4.3423	0.0099901
1574	10.171	7.1548	1.2882
1575	-7.6789	0.63798	0.85804
1576	4.6377	-2.1281	1.0114
1577	1.4838	-7.5841	0.96232
1578	2.7577	-5.2426	0.2259
1579	3.141	-4.437	0.0073971
1580	3.1374	-4.4407	0.0074007
1581	3.141	-4.4388	0.0073966
1582	3.1392	-4.437	0.0073969
1583	3.1374	-4.4388	0.0073996
1584	3.1392	-4.4407	0.0073976
1585	6.3867	13.011	2.0222
1586	2.9368	-4.4407	0.027987
1587	3.1132	-5.1563	0.13399
1588	0.75806	-4.1362	1.7136
1589	-3.985	-5.601	0.55768
1590	2.9451	-5.0912	0.12917
1591	6.8775	8.736	0.20704
1592	4.1477	0.79824	1.4566
1593	4.5389	-4.1612	0.84029
1594	0.74009	-7.2333	0.72408
1595	3.4395	-3.5032	0.25344
1596	3.1401	-4.4379	0.0073961
1597	2.9873	2.9556	0.5142
1598	2.9606	-4.4627	0.023605
1599	3.1057	-3.2407	0.34551
1600	-0.068846	-6.8531	0.87898
1601	-9.3663	-5.6155	0.35549
1602	2.8568	-5.4707	0.29228
1603	3.8962	4.1695	0.2932
1604	18.883	-0.90699	0.28851
1605	6.3812	-6.8294	0.90596
1606	0.51913	-6.3761	1.1859
1607	4.2621	-2.418	0.94572
1608	3.141	-4.437	0.0073971
1609	3.1392	-4.4388	0.0073964
1610	3.141	-4.4379	0.0073966
1611	3.1401	-4.437	0.0073966
1612	3.1392	-4.4379	0.0073964
1613	3.1401	-4.4388	0.0073961
1614	-0.16023	4.573	1.9883
1615	3.0892	-4.4619	0.0088262
1616	3.0987	-0.22241	1.9892
1617	0.28199	-9.1838	0.081858
1618	-8.4277	-5.1762	0.55301
1619	2.906	-5.0072	0.11238
1620	3.3325	1.6261	1.4047
1621	29.819	-3.64	1.2035
1622	8.5134	-8.7972	1.6489
1623	1.1129	-6.172	1.1606
1624	5.5915	-1.8138	0.78969
1625	3.141	-4.4379	0.0073966
1626	3.1392	-4.4397	0.0073968
1627	3.141	-4.4388	0.0073966
1628	3.1401	-4.4379	0.0073961
1629	3.1392	-4.4388	0.0073964
1630	3.1401	-4.4397	0.0073965
1631	-2.8557	18.537	1.9101
1632	3.2429	-4.4437	0.012689
1633	3.1059	6.5037	0.89974
1634	1.4966	-10.768	1.0119
1635	-7.5516	-4.4601	1.317
1636	3.0323	-4.546	0.01607
1637	3.5843	2.0466	1.1157
1638	27.611	-6.0793	0.88318
1639	9.8262	-8.8555	1.964
1640	2.1488	-6.5576	0.97071
1641	6.3798	-2.1181	0.93863
1642	3.1406	-4.4384	0.0073962
1643	3.1397	-4.4393	0.0073963
1644	3.1406	-4.4388	0.0073962
1645	3.1401	-4.4384	0.007396
1646	-1.6432	20.971	1.0645
1647	3.3176	-4.4253	0.023181
1648	3.1113	8.5664	1.9949
1649	2.4921	-9.2338	1.7953
1650	-1.758	-3.5975	0.85013
1651	3.2316	-4.0931	0.041154
1652	4.2667	2.0221	1.0661
1653	18.173	-6.1075	1.391
1654	9.8052	-8.433	1.9231
1655	2.8237	-6.4229	0.85094
1656	8.0087	-3.514	0.89707
1657	3.1406	-4.4379	0.0073963
1658	3.1397	-4.4388	0.0073961
1659	3.1406	-4.4384	0.0073962
1660	3.1401	-4.4379	0.0073961
1661	3.1397	-4.4384	0.0073961
1662	3.1401	-4.4388	0.0073961
1663	2.2206	24.62	1.2315
1664	3.2912	-4.4167	0.018931
1665	3.1288	7.3245	1.4659
1666	3.0653	-5.6506	0.35528
1667	1.9832	-3.0846	0.77364
1668	3.3678	-3.8454	0.1177
1669	5.607	-0.32478	0.24842
1670	6.1639	-3.4703	1.7797
1671	8.3191	-7.4193	1.2593
1672	2.9757	-6.8909	1.1714
1673	9.4537	-5.0434	0.11788
1674	3.1404	-4.4381	0.0073961
1675	3.1399	-4.4386	0.0073961
1676	3.1404	-4.4384	0.0073961
1677	3.1401	-4.4381	0.0073961
1678	3.1399	-4.4384	0.007396
1679	3.1401	-4.4386	0.0073961
1680	5.406	16.263	0.76479
1681	3.2568	-4.4244	0.014257
1682	3.1423	2.1722	1.0385
1683	2.1398	-2.4794	0.90494
1684	4.6752	-3.2591	0.98324
1685	3.3371	-3.9701	0.080094
1686	11.914	-2.7215	1.3125
1687	-1.3414	-0.40961	0.78261
1688	7.5442	-5.3231	1.269
1689	3.1274	-7.0553	1.2878
1690	9.0827	-5.8349	0.50778
1691	3.1402	-4.4383	0.0073961
1692	3.14	-4.4385	0.007396
1693	6.8199	14.643	1.5794
1694	3.2023	-4.436	0.0093375
1695	3.1394	0.66885	1.8928
1696	0.83292	-3.1526	1.4143
1697	5.4045	-3.7039	1.5638
1698	3.1655	-4.1502	0.028432
1699	18.12	-4.0768	1.8068
1700	-6.2495	1.7628	0.6921
1701	6.839	-3.492	1.6793
1702	3.2218	-6.412	0.83598
1703	8.5112	-5.922	0.72074
1704	3.1401	-4.4384	0.007396
1705	3.1399	-4.4386	0.0073961
1706	3.1401	-4.4385	0.007396
1707	3.14	-4.4384	0.007396
1708	3.1399	-4.4385	0.007396
1709	3.14	-4.4386	0.007396
1710	4.8005	13.302	1.138
1711	3.1355	-4.447	0.0074245
1712	3.1323	-0.71554	1.8773
1713	-0.12629	-4.597	1.9914
1714	0.36485	-4.2854	1.933
1715	3.0102	-4.5081	0.01702
1716	23.127	-3.0264	0.90875
1717	2.1205	0.58206	1.48
1718	5.7996	-3.3887	1.6618
1719	2.2753	-5.627	0.57564
1720	6.6891	-4.4771	1.9347
1721	3.1401	-4.4384	0.007396
1722	3.14	-4.4385	0.007396
1723	3.1401	-4.4385	0.007396
1724	3.14	-4.4384	0.007396
1725	1.7027	15.251	1.0312
1726	3.0789	-4.4499	0.0092987
1727	3.1128	1.3414	1.5855
1728	-0.4727	-6.9497	0.83365
1729	-7.2253	-4.7111	1.5961
1730	2.8946	-4.7762	0.064962
1731	20.579	-1.8662	1.1461
1732	14.048	-1.1786	0.98983
1733	6.0621	-4.8763	1.9453
1734	1.1973	-5.8006	1.218
1735	4.02	-3.0373	0.65815
1736	3.1401	-4.4384	0.007396
1737	3.14	-4.4385	0.007396
1738	3.1401	-4.4384	0.007396
1739	3.14	-4.4384	0.007396
1740	3.14	-4.4384	0.007396
1741	3.14	-4.4385	0.007396
1742	-1.0559	15.657	1.0245
1743	3.0686	-4.4454	0.0099621
1744	3.1038	6.7368	1.0649
1745	-0.04229	-9.6417	0.16351
1746	-10.981	-5.0337	1.0235
1747	2.9057	-4.8824	0.082338
1748	11.659	-1.855	0.87712
1749	21.264	-3.3557	0.57906
1750	7.9019	-6.6534	1.0263
1751	0.86236	-6.7883	0.95476
1752	1.9184	-2.3935	0.96101
1753	3.14	-4.4384	0.007396
1754	3.14	-4.4385	0.007396
1755	3.14	-4.4384	0.007396
1756	3.14	-4.4384	0.007396
1757	3.14	-4.4384	0.007396
1758	3.14	-4.4385	0.007396
1759	-3.3992	18.987	1.7245
1760	3.0804	-4.4394	0.0091724
1761	3.0984	10.305	1.5656
1762	0.65834	-11.089	1.0206
1763	-13.449	-4.8107	1.6644
1764	3.0799	-4.6908	0.025074
1765	4.0284	1.1133	1.4504
1766	24.911	-4.4707	2.1355
1767	9.964	-7.6564	1.5933
1768	0.69064	-7.2302	0.7129
1769	3.9869	-2.1513	1.038
1770	3.14	-4.4384	0.007396
1771	3.14	-4.4384	0.007396
1772	3.14	-4.4384	0.007396
1773	3.14	-4.4384	0.007396
1774	3.14	-4.4384	0.007396
1775	3.14	-4.4384	0.007396
1776	-1.6828	22.012	1.0112
1777	3.1258	-4.4333	0.0075033
1778	3.1087	10.565	1.4044
1779	1.8811	-9.8094	1.2674
1780	-12.614	-4.3195	2.0395
1781	3.2538	-4.3655	0.015188
1782	-0.83253	3.2133	1.437
1783	15.842	-4.2765	0.083182
1784	11.172	-7.9681	0.90748
1785	0.95391	-7.2051	0.79733
1786	6.4757	-3.0711	1.5677
1787	3.14	-4.4384	0.007396
1788	3.14	-4.4385	0.007396
1789	3.14	-4.4384	0.007396
1790	3.14	-4.4384	0.007396
1791	3.14	-4.4384	0.007396
1792	3.14	-4.4385	0.007396
1793	1.8057	30.837	1.0098
1794	3.1759	-4.43	0.008059
1795	3.1291	8.8594	2.0218
1796	2.8059	-6.7979	1.1026
1797	-5.5854	-3.7303	1.6823
1798	3.3546	-4.0809	0.061423
1799	2.9197	6.4104	0.8382
1800	5.4375	-4.1506	1.6608
1801	8.6858	-8.5786	1.759
1802	1.6522	-6.9184	1.0272
1803	8.3374	-4.2728	0.56052
1804	4.179	33.41	1.3153
1805	3.209	-4.4325	0.0097815
1806	3.1396	7.1377	1.3437
1807	2.5815	-4.0595	0.18954
1808	2.9162	-3.4141	0.27705
1809	3.3219	-4.1175	0.049131
1810	11.128	8.8957	0.91844
1811	-1.1514	-4.1166	1.401
1812	5.6379	-7.6409	0.51366
1813	2.0251	-6.0559	0.82716
1814	9.6892	-5.3242	0.24674
1815	4.6323	26.711	1.2637
1816	3.2109	-4.438	0.0099048
1817	3.1451	4.2741	0.014159
1818	1.3881	-2.7799	1.0723
1819	8.2472	-3.7378	0.684
1820	3.1777	-4.3544	0.009871
1821	16.904	4.9651	0.73624
1822	-4.2419	-4.1922	0.56264
1823	4.636	-5.5664	0.95962
1824	2.3324	-4.8773	0.34954
1825	10.653	-5.3491	0.7663
1826	3.4578	10.522	1.4131
1827	3.1654	-4.443	0.0077229
1828	3.1495	-1.6397	1.403
1829	0.38813	-2.6758	1.2941
1830	8.8944	-4.2488	0.1698
1831	3.0362	-4.5738	0.01734
1832	18.12	-1.4528	0.69702
1833	4.5047	-4.2892	0.80473
1834	4.7369	-5.3144	1.0327
1835	2.5036	-4.1722	0.21729
1836	9.8401	-4.4487	0.11417
1837	0.74941	-2.4254	1.1068
1838	3.1195	-4.445	0.0076174
1839	3.1486	-6.1211	0.63709
1840	-0.45078	-4.2096	1.8924
1841	5.664	-4.6897	1.8155
1842	2.9848	-4.736	0.041239
1843	12.066	-3.9041	1.8549
1844	11.897	-4.4239	1.8243
1845	6.4792	-6.3707	1.2229
1846	2.5052	-6.0737	0.68462
1847	7.3625	-3.5758	1.4027
1848	-0.9003	1.4161	0.66567
1849	3.0903	-4.4417	0.0086367
1850	3.1455	-5.3066	0.19031
1851	0.58027	-6.4566	1.1329
1852	-2.0224	-4.7421	0.57997
1853	2.9952	-4.6346	0.027389
1854	7.5591	-1.478	0.86898
1855	19.3	-4.4968	1.9978
1856	7.1294	-7.1597	0.79805
1857	2.4448	-7.5983	1.4864
1858	5.4097	-2.9846	1.3395
1859	-0.65467	14.263	1.6774
1860	3.0929	-4.4378	0.0085054
1861	3.1402	-0.4619	1.9497
1862	1.9759	-8.2572	1.3738
1863	-9.0057	-4.5518	0.11468
1864	3.0584	-4.3916	0.011272
1865	7.1908	2.5165	1.142
1866	24.241	-4.5079	1.7794
1867	6.9321	-7.9616	0.39528
1868	1.8249	-8.3775	1.2537
1869	3.2076	-2.9772	0.49655
1870	0.21179	27.396	0.34033
1871	3.1337	-4.4349	0.0074191
1872	3.1357	4.4827	0.0078946
1873	3.425	-9.7415	1.8163
1874	-13.248	-4.384	1.8248
1875	3.1374	-4.1955	0.022132
1876	7.1565	5.5614	1.4722
1877	16.818	-4.443	0.63069
1878	6.6456	-8.2751	0.17894
1879	0.6688	-9.1409	0.24917
1880	2.6272	-3.8981	0.19873
1881	1.6167	38.665	1.3471
1882	3.1723	-4.4345	0.0079223
1883	3.1323	4.9325	0.067914
1884	4.5289	-8.2851	1.1885
1885	-12.638	-4.2838	2.0357
1886	3.2172	-4.1444	0.03186
1887	6.2872	5.5811	1.7109
1888	6.8651	-4.3093	1.8481
1889	5.8874	-8.2729	0.18839
1890	0.42998	-8.003	0.2785
1891	3.8312	-4.8317	0.26698
1892	2.9346	44.322	2.4691
1893	3.1769	-4.4353	0.0080778
1894	3.1324	0.55118	1.9275
1895	3.3751	-6.3611	0.80596
1896	-4.4397	-4.3721	0.74068
1897	3.2584	-4.292	0.019728
1898	4.9035	4.8828	1.1928
1899	-1.2993	-4.2277	1.2699
1900	6.8065	-6.7416	0.97562
1901	1.1721	-6.0608	1.1702
1902	7.2032	-5.3196	1.5131
1903	3.0542	35.267	2.2906
1904	3.1556	-4.4363	0.0075183
1905	3.1349	-3.2464	0.34215
1906	1.107	-4.625	1.4493
1907	4.5422	-4.5011	0.84096
1908	3.2073	-4.4657	0.0098429
1909	7.0991	1.0818	0.51855
1910	-0.14646	-4.2214	1.9817
1911	8.3064	-5.9654	0.81878
1912	1.7127	-4.7788	0.86902
1913	8.7179	-5.5621	0.49229
1914	2.906	9.2677	1.9607
1915	3.1255	-4.4382	0.0075022
1916	3.1373	-4.8808	0.055987
1917	-0.76648	-4.2332	1.7171
1918	8.7377	-4.6173	0.25716
1919	3.136	-4.6035	0.014216
1920	9.6652	0.10031	1.9921
1921	6.1066	-4.3188	1.9946
1922	9.5427	-5.6103	0.35714
1923	2.1872	-3.8827	0.47163
1924	9.2383	-4.9231	0.10084
1925	1.9845	-15.311	0.9919
1926	3.1087	-4.44	0.0078876
1927	3.1397	-2.3518	0.91177
1928	-2.0363	-5.7987	0.75152
1929	8.237	-4.6053	0.65099
1930	3.0986	-4.6676	0.021355
1931	10.929	1.3917	1.0671
1932	13.39	-4.4334	1.7291
1933	10.016	-5.9186	0.61592
1934	2.1983	-5.2539	0.5149
1935	9.2532	-4.0219	0.083479
1936	1.0121	-27.206	0.69463
1937	3.11	-4.4406	0.0078476
1938	3.1416	1.2218	1.6523
1939	-0.48912	-7.4218	0.5633
1940	1.5329	-4.5369	1.0435
1941	3.1227	-4.6178	0.015583
1942	11.61	2.8444	1.2816
1943	20.239	-4.4709	1.2875
1944	9.8428	-5.7965	0.50637
1945	1.5908	-7.672	1.0284
1946	9.0602	-3.4362	0.31609
1947	0.87045	-4.9578	1.6086
1948	3.1299	-4.4391	0.0074471
1949	3.1409	2.0295	1.1388
1950	1.5218	-8.792	0.97099
1951	-8.8543	-4.4619	0.18299
1952	3.1535	-4.5039	0.0085601
1953	12.578	3.18	1.6691
1954	17.14	-4.4803	0.94008
1955	8.3821	-5.4853	0.65195
1956	0.72365	-9.1428	0.28397
1957	7.6399	-3.178	1.1501
1958	0.63579	15.094	1.3122
1959	3.1513	-4.4377	0.0074602
1960	3.1396	2.4175	0.86577
1961	3.2274	-9.0892	2.0093
1962	-17.799	-4.4104	1.581
1963	3.1745	-4.3869	0.0086553
1964	14.765	1.6356	1.2915
1965	13.001	-4.391	1.9534
1966	6.7237	-5.5779	1.6476
1967	0.021965	-8.0555	0.18385
1968	5.8917	-3.3738	1.6841
1969	0.35269	27.734	0.51316
1970	3.1646	-4.4368	0.0076992
1971	3.1367	0.0087425	2.0024
1972	3.1092	-8.3956	1.9601
1973	-20.169	-4.4	1.3547
1974	3.1737	-4.313	0.0119
1975	12.249	0.59771	0.17128
1976	5.9568	-4.271	1.9536
1977	5.9027	-6.9907	0.80855
1978	0.63891	-6.3878	1.1663
1979	5.1589	-4.0176	1.4231
1980	0.26327	34.262	0.69795
1981	3.1724	-4.4367	0.0079204
1982	3.1347	-1.3944	1.555
1983	2.121	-6.113	0.81175
1984	-18.005	-4.3967	1.7493
1985	3.1612	-4.3303	0.010544
1986	10.567	2.6257	0.91232
1987	4.0098	-4.2099	0.37102
1988	6.6091	-8.7069	0.090067
1989	1.5617	-5.9279	1.0139
1990	5.2667	-4.5826	1.536
1991	0.91681	30.764	1.8281
1992	3.1634	-4.4368	0.0076706
1993	3.1339	-2.0121	1.1509
1994	0.64544	-4.9111	1.7616
1995	-5.0122	-4.4561	1.3066
1996	3.1411	-4.4439	0.0074041
1997	11.65	3.9264	1.6062
1998	2.9979	-4.2024	0.031234
1999	6.9291	-9.6978	0.36503
2000	2.3856	-5.388	0.43759
