1	93.087	46.993	3.8138
2	-582.11	-499.02	148.3
3	-138.96	461.96	58.437
4	519.9	-376.96	104.07
5	3.1056	-439.34	48.321
6	-192.74	99.913	12.799
7	-345.04	-163.91	38.294
8	371.37	-555.29	113.35
9	569.71	388.15	119.61
10	-238.22	90.308	16.782
11	-10.988	-116.57	4.4328
12	-597.23	-210.31	101.69
13	-166.84	249.86	24.259
14	529.77	-300.13	93.748
15	99.32	314.23	28.38
16	558.72	289.5	100.77
17	-594.17	-268.5	107.47
18	-457.98	-440.92	102.6
19	-142.61	265.19	23.851
20	89.423	497.24	64.702
21	93.087	46.993	3.8138
22	-515.92	-461.3	120.08
23	-91.157	419.43	47.353
24	323.4	-180.96	34.684
25	47.913	-205.24	12.681
26	-190.61	89.72	12.517
27	-126.72	-121.52	8.9298
28	236.59	-335.87	43.367
29	366.34	317.98	59.902
30	-230.09	81.886	16.069
31	-550.82	-182.62	84.705
32	407.45	-243.62	57.842
33	450.2	255.72	68.12
34	-338.18	-214.91	40.963
35	-199.8	-252.88	27.257
36	-130.35	229.4	18.416
37	90.427	458.16	54.799
38	333.09	286.99	49.624
39	-146.91	-193.01	15.575
40	333.09	46.993	29.528
41	93.087	286.99	23.876
42	-146.91	46.993	6.7712
43	93.087	-193.01	12.552
44	93.087	46.993	3.8138
45	-365.28	-390.35	71.853
46	9.9331	371	35.45
47	111.14	46.233	4.7318
48	108.81	94.774	5.9967
49	-69.161	80.35	2.8463
50	166.44	-36.298	9.1136
51	46.741	-134.4	6.7176
52	179.57	175.25	16.587
53	-125.83	58.474	6.6753
54	-265.91	-67.073	19.387
55	210.37	-118.37	15.136
56	295.89	185.8	30.811
57	-52.773	-48.047	1.6007
58	163.91	56.851	9.2099
59	-103.03	118.84	6.623
60	92.449	341.96	32.146
61	-120.52	-244.24	19.96
62	-158.85	226.36	19.923
63	96.8	334.25	30.653
64	409.64	3.4978	43.213
65	-159.25	54.843	8.3555
66	-75.13	-14.472	3.1292
67	-27.54	4.2624	0.45802
68	-3.0873	45.633	2.1807
69	-39.768	7.6107	1.7063
70	203.88	102	13.053
71	455.74	334.43	80.244
72	-72.285	-52.142	3.6613
73	124.39	4.5155	5.1614
74	-285.64	210.69	32.262
75	81.913	492.69	64.282
76	413.65	-0.087419	43.274
77	-205.04	200.45	20.933
78	-291.06	-182.84	30.142
79	60.826	-44.474	2.8409
80	225.04	131.08	17.952
81	-263.23	120.24	22.711
82	296.13	169.98	29.679
83	485.02	422.13	104.71
84	212.46	244.26	27.592
85	-267.54	-235.74	31.927
86	212.46	4.2624	12.678
87	-27.54	244.26	15.365
88	-267.54	4.2624	18.031
89	-27.54	-235.74	14.353
90	271.09	227.98	32.706
91	-260.49	104.58	20.817
92	57.445	498.55	63.473
93	280.3	-36.171	21.661
94	-176.92	205.74	19.096
95	-276.63	-243.46	35.741
96	93.455	-60.698	3.7626
97	283.82	140.52	25.891
98	-347.16	161.79	37.679
99	243.69	143.53	20.874
100	210.36	340.01	40.872
101	92.46	124.26	7.2116
102	-147.54	-115.74	10.772
103	92.46	4.2624	2.9284
104	-27.54	124.26	5.7885
105	-147.54	4.2624	5.4612
106	-27.54	-115.74	5.2714
107	226.31	307.41	38.247
108	4.9391	-38.704	1.5192
109	28.126	258.64	18.695
110	-144.51	-93.781	9.362
111	-71.843	29.943	1.8885
112	-104.18	-235.33	16.689
113	96.937	-37.305	3.9839
114	206.97	102.69	15.215
115	-212.64	106.51	14.589
116	-24.225	9.7126	0.65725
117	-96.945	187.62	12.829
118	32.46	64.262	2.2393
119	-87.54	-55.738	3.8219
120	32.46	4.2624	1.7664
121	-27.54	64.262	2.3055
122	-87.54	4.2624	3.8241
123	-27.54	-55.738	1.8608
124	118.32	219.33	16.723
125	241.49	-146.5	20.032
126	26.892	-99.761	3.6957
127	-470.74	-130.18	61.148
128	41.8	-131.78	6.0547
129	59.84	-127.3	5.4916
130	23.191	-3.6329	0.83278
131	25.148	39.04	2.3236
132	-38.176	-28.581	1.3829
133	-265.97	-112.15	21.478
134	-280.17	2.3236	20.564
135	2.4602	34.262	1.7744
136	-57.54	-25.738	1.5574
137	2.4602	4.2624	0.2357
138	16.559	2.8406	0.79105
139	347.02	-231.52	44.389
140	22.948	-373.89	36.589
141	-583.17	-112.28	89.431
142	78.142	-210.86	13.525
143	167.46	70.156	9.6998
144	-57.113	29.028	2.1149
145	-160.79	-17.628	8.3787
146	126.64	-148.08	10.776
147	-310.32	-179.34	33.432
148	-265.28	-139.4	23.521
149	32.46	34.262	1.2467
150	-27.54	-25.738	1.9459
151	32.46	4.2624	1.7664
152	2.4602	34.262	1.7744
153	-27.54	4.2624	0.45802
154	2.4602	-25.738	1.7853
155	-80.428	-191.24	12.069
156	182.15	-179.96	17.41
157	14.721	-514.95	67.875
158	-440.7	-73.403	50.945
159	43.645	-221.65	12.872
160	110.28	186.09	13.584
161	-108.98	44.582	5.0235
162	-247.56	-62.579	18.085
163	164.96	-193.57	17.177
164	-108.2	-188.63	12.797
165	8.7681	-171.19	8.2664
166	17.46	19.262	1.0799
167	-12.54	-10.738	0.80985
168	17.46	4.2624	1.2597
169	2.4602	19.262	1.4779
170	-12.54	4.2624	2.0354
171	2.4602	-10.738	1.231
172	-127.81	-296.6	26.682
173	-60.005	2.2496	1.8825
174	12.506	-330.36	27.889
175	-98.426	-30.367	3.2101
176	-44.25	-92.275	4.3397
177	-63.059	115.99	4.4364
178	-83.729	41.575	2.986
179	-185.51	-66.817	9.7393
180	70.033	-140.26	7.013
181	132.46	-126.14	9.0721
182	252.85	-192.79	26.292
183	9.9602	11.762	0.67504
184	-5.0398	-3.2376	1.2207
185	9.9602	4.2624	0.17627
186	-85.457	-256.11	19.576
187	-232.25	165.32	22.09
188	12.391	-32.235	1.9825
189	253.33	12.708	16.702
190	-133.84	112.35	8.4411
191	-205.72	30.222	11.764
192	12.859	13.479	2.0387
193	-99.76	-40.794	4.5077
194	-48.291	0.45481	1.9557
195	273	-33.996	20.356
196	365.64	-180.62	42.741
197	17.46	11.762	1.1914
198	2.4602	-3.2376	0.49286
199	17.46	4.2624	1.2597
200	9.9602	11.762	0.67504
201	2.4602	4.2624	0.2357
202	9.9602	-3.2376	0.46124
203	-46.964	-89.888	4.3081
204	-206.89	249.74	26.586
205	11.917	244.11	16.717
206	384.16	29.352	38.318
207	-174.88	230.47	21.467
208	-239.46	-58.648	16.815
209	98.084	-14.291	2.859
210	44.499	-4.5273	2.3681
211	-130.76	118.25	8.9044
212	332.03	86.261	30.569
213	362.76	-165.16	40.639
214	13.71	8.0124	0.7254
215	6.2102	0.51238	0.077117
216	24.338	103.16	4.3489
217	-151.3	204.55	16.312
218	10.536	371.1	35.496
219	292.06	25.19	22.988
220	-148.17	304.63	29.509
221	-152.67	-100.14	9.2976
222	129.45	-30.442	4.7078
223	158.27	44.181	7.3885
224	-133.33	126.55	9.4373
225	273.15	149.22	25.485
226	85.847	-130.93	7.0779
227	9.9602	4.2624	0.17627
228	2.4602	-3.2376	0.49286
229	9.9602	0.51238	1.8291
230	6.2102	4.2624	2.0034
231	2.4602	0.51238	1.7278
232	6.2102	-3.2376	1.6688
233	82.596	234.69	16.996
234	-38.501	88.266	2.6828
235	9.3028	314.82	24.902
236	174.66	-1.5716	8.4955
237	-65.545	202.37	12.455
238	8.988	-109.7	3.516
239	67.993	-20.221	2.3276
240	140.26	79.378	7.8994
241	-93.441	81.187	4.3788
242	102.38	93.186	5.519
243	-181.82	-48.43	10.732
244	8.0852	2.3874	0.99094
245	4.3352	-1.3626	1.2154
246	8.0852	0.51238	1.2307
247	6.2102	2.3874	1.1278
248	4.3352	0.51238	1.3492
249	6.2102	-1.3626	0.44099
250	114.22	257.08	20.386
251	96.427	-89.389	5.8541
252	7.6749	150.97	6.5346
253	-29.315	-31.625	0.99371
254	40.894	60.786	2.8811
255	139.82	-86.047	7.7295
256	-34.158	-4.1087	0.40034
257	59.144	59.124	2.2625
258	3.063	-18.402	1.9866
259	-135.46	-5.1261	4.7707
260	-329.74	21.675	27.379
261	7.1477	1.4499	0.6765
262	5.2727	-0.42512	0.49941
263	7.1477	0.51238	0.40593
264	6.2102	1.4499	0.49264
265	5.2727	0.51238	0.5101
266	6.2102	-0.42512	0.057075
267	65.872	213.15	14.435
268	172.74	-210.38	19.08
269	6.6124	-24.048	1.412
270	-210.12	-57.748	11.937
271	100.07	-94.282	6.4137
272	228.23	-46.922	14.487
273	-102.99	12.34	3.0977
274	-34.079	32.851	1.2704
275	89.652	-109.44	5.9566
276	-246.19	-90.812	18.137
277	-142.3	24.646	6.303
278	7.1477	0.51238	0.40593
279	5.2727	-1.3626	0.70417
280	7.1477	-0.42512	0.39288
281	6.2102	0.51238	0.077117
282	5.2727	-0.42512	0.49941
283	6.2102	-1.3626	0.44099
284	-8.9895	122.29	4.833
285	126.71	-199.17	15.363
286	5.5367	-177.35	8.1612
287	-223.77	-58.199	13.649
288	53.171	-190.77	9.851
289	256.35	6.6698	17.439
290	-107.37	18.2	3.1515
291	-107.78	-1.7304	3.7126
292	77.727	-159.95	9.5938
293	-246.64	-116.63	19.627
294	48.831	21.068	1.8008
295	6.6789	0.043628	0.088875
296	5.7414	-0.89387	0.31717
297	6.6789	-0.42512	0.12986
298	6.2102	0.043628	0.012781
299	-67.523	-35.547	2.4773
300	24.497	-69.922	1.8252
301	5.1734	-301.77	23.341
302	-64.175	-39.316	2.617
303	-68.471	-187.2	10.205
304	258.52	53.231	17.802
305	-23.638	9.6569	1.0977
306	-114.16	-29.476	4.6748
307	46.274	-98.317	4.5587
308	-214.07	-86.027	14.684
309	217.19	10.797	13.021
310	6.6789	0.51238	0.1484
311	5.7414	-0.42512	0.18991
312	6.6789	0.043628	0.088875
313	6.2102	0.51238	0.077117
314	5.7414	0.043628	0.15185
315	6.2102	-0.42512	0.057075
316	-108.64	-159.02	10.473
317	-70.895	54.974	3.0924
318	5.1953	-262.17	18.654
319	95.439	-1.7141	3.1479
320	-160.4	-60.368	8.6107
321	13.034	75.011	3.2828
322	61.874	-2.9499	2.2425
323	-61.9	-21.282	2.5424
324	-26.062	21.633	1.8354
325	-129.15	-12.89	4.3149
326	336.62	1.2649	29.887
327	6.4445	0.278	0.042401
328	5.9758	-0.19075	0.064469
329	6.4445	0.043628	0.023842
330	6.2102	0.278	0.031534
331	5.9758	0.043628	0.056257
332	6.2102	-0.19075	0.021374
333	-128.66	-197.16	15.232
334	-111.4	139.25	8.8902
335	5.6581	-92.742	3.9066
336	184.37	20.185	9.5251
337	-138.23	107.45	7.8251
338	-242.67	33.145	15.908
339	110.94	-12.887	3.5938
340	-5.9782	-10.726	0.78364
341	-89.892	100.45	5.4259
342	-5.2128	62.988	1.5914
343	274.33	-3.0762	19.517
344	6.3274	0.16082	0.017443
345	6.093	-0.073559	0.028646
346	6.3274	0.043628	0.01146
347	-57.547	-105.21	4.305
348	-67.297	182.85	10.275
349	6.3464	102.86	4.542
350	165.65	23.302	7.5252
351	-42.206	236.68	15.316
352	-357.21	-32.809	33.379
353	70.732	-17.604	2.3741
354	45.108	1.9867	1.4385
355	-107.84	106.18	6.2309
356	105.78	92.271	6.3079
357	136.97	0.59792	5.4095
358	6.4445	0.16082	0.029753
359	6.2102	-0.073559	0.013657
360	6.4445	0.043628	0.023842
361	6.3274	0.16082	0.017443
362	6.2102	0.043628	0.012781
363	6.3274	-0.073559	0.012336
364	33.82	30.537	0.83678
365	-26.183	144.8	6.5548
366	6.9966	222.86	12.766
367	140.57	0.33886	6.6139
368	41.177	265.39	19.667
369	-378.58	-83.672	38.563
370	-3.9488	-16.697	1.5748
371	74.765	7.3751	2.0226
372	-57.261	39.246	2.8606
373	104.62	62.637	5.2724
374	2.6384	10.862	1.1825
375	6.3859	0.10222	0.01807
376	6.2688	-0.014965	0.0099845
377	96.918	137.73	7.1995
378	29.464	9.1513	1.6034
379	7.1762	226.25	14.419
380	42.356	-30.726	1.6308
381	104.21	193.88	13.475
382	-145.28	-95.188	8.7106
383	-63.257	-10.074	1.418
384	55.236	7.7904	1.5957
385	18.242	-71.106	1.5262
386	84.363	8.2714	3.6094
387	-116.79	19.953	4.5334
388	6.3274	0.043628	0.01146
389	6.2102	-0.073559	0.013657
390	6.3274	-0.014965	0.01104
391	6.2688	0.043628	0.010405
392	6.2102	-0.014965	0.012362
393	6.2688	-0.073559	0.011282
394	115.19	171.73	11.46
395	67.403	-132.76	6.6731
396	6.6137	121.84	4.948
397	-86.324	-57.332	3.6183
398	110.94	68.161	4.9761
399	111.36	-58.406	4.8052
400	-71.373	3.7722	1.7127
401	1.7402	-2.7127	0.94522
402	82.548	-145.44	8.4289
403	55.435	-41.526	2.404
404	-125.38	23.87	5.446
405	6.2981	0.014332	0.010078
406	6.2395	-0.044262	0.011178
407	6.2981	-0.014965	0.010083
408	6.2688	0.014332	0.0099798
409	47.316	101.44	3.2854
410	80.917	-172.82	10.789
411	6.0835	-47.707	2.2443
412	-177.1	-74.847	10.589
413	54.56	-81.058	3.6787
414	252.9	13.59	17.035
415	-53.617	14.13	0.94334
416	-49.565	-13.462	2.4207
417	81.228	-99.036	4.5527
418	-18.18	-59.219	2.3607
419	-51.583	20.671	1.8877
420	6.2981	0.043628	0.010503
421	6.2395	-0.014965	0.010744
422	6.2981	0.014332	0.010078
423	6.2688	0.043628	0.010405
424	6.2395	0.014332	0.01074
425	6.2688	-0.014965	0.0099845
426	-47.921	-24.566	1.789
427	60.206	-117.98	5.2362
428	5.8734	-191.26	11.06
429	-176.26	-69.12	9.7912
430	-64.898	-186.41	11.211
431	311.2	70.052	27.17
432	16.977	17.129	1.4126
433	-71.897	-22.747	1.5512
434	48.171	-15.562	1.6449
435	-82.197	-64.383	3.7016
436	64.98	8.2335	2.5611
437	6.2834	0.02898	0.01008
438	6.2541	-0.00031688	0.010201
439	6.2834	0.014332	0.0099217
440	-93.451	-124.27	6.348
441	20.066	22.606	1.5625
442	6.1198	-237.72	15.12
443	-101.84	-39.445	4.2194
444	-160.12	-118.92	10.206
445	195.48	70.358	11.127
446	70.158	14.677	2.5762
447	-78.416	-15.814	2.7839
448	-14.235	58.009	1.7957
449	-130.63	-49.808	6.088
450	150.58	-6.1846	7.0032
451	6.2981	0.02898	0.010237
452	6.2688	-0.00031688	0.0099284
453	6.2981	0.014332	0.010078
454	6.2834	0.02898	0.01008
455	6.2688	0.014332	0.0099798
456	6.2834	-0.00031688	0.0098703
457	-88.102	-127.15	7.3428
458	-23.5	141.09	6.1593
459	6.4523	-196.83	10.12
460	-1.2085	6.3183	1.0962
461	-180.24	15.356	9.1267
462	4.6006	32.79	1.2331
463	81.602	1.9249	2.4582
464	-14.647	-3.2125	0.74137
465	-68.719	76.166	4.4615
466	-159.53	-23.998	7.2714
467	220.56	-15.727	13.125
468	6.2981	0.014332	0.010078
469	6.2688	-0.014965	0.0099845
470	6.2981	-0.00031688	0.010027
471	6.2834	0.014332	0.0099217
472	6.2688	-0.00031688	0.0099284
473	6.2834	-0.014965	0.0099264
474	-20.874	-22.396	0.79986
475	-51.248	208.61	13.085
476	6.7666	-17.691	0.2057
477	87.223	39.396	3.9642
478	-85.882	136.3	7.2284
479	-165.45	-16.355	8.1788
480	28.563	-10.369	1.7089
481	47.882	9.6382	2.2219
482	-91.94	45.374	4.1553
483	-64.164	6.0142	2.1432
484	152.56	-15.599	6.8856
485	6.2907	0.0070073	0.0099341
486	6.2761	-0.0076411	0.0098871
487	6.2907	-0.00031688	0.0099218
488	6.2834	0.0070073	0.0098826
489	6.2761	-0.00031688	0.0098726
490	6.2834	-0.0076411	0.0098849
491	66.955	77.732	3.6239
492	-24.642	174.92	9.1499
493	6.9389	149.72	6.1531
494	143.42	59.986	7.0397
495	42.393	226.1	14.212
496	-263.41	-47.835	19.574
497	-26.8	-16.066	1.2785
498	80.168	12.449	2.6925
499	-77.038	-8.9405	2.5723
500	65.595	33.133	2.2268
501	-10.527	2.5001	0.94088
502	6.2871	0.0033452	0.0098921
503	6.2797	-0.003979	0.0098687
504	117.8	133.6	8.944
505	18.798	82.54	3.0342
506	6.8102	201.01	11.738
507	130.65	28.236	5.3465
508	116.32	246.86	19.818
509	-311.47	-23.174	24.689
510	-66.874	-12.866	1.5715
511	85.119	13.343	1.8995
512	-52.062	-58.892	2.389
513	149.88	52.232	6.8608
514	-155.29	17.907	7.3266
515	6.2834	-0.00031688	0.0098703
516	6.2761	-0.0076411	0.0098871
517	6.2834	-0.003979	0.0098743
518	6.2797	-0.00031688	0.0098647
519	98.557	81.498	5.2742
520	53.901	-66.153	1.9922
521	6.555	159.97	6.4453
522	44.404	-20.521	1.9312
523	129.52	148.01	10.25
524	-123.68	10.588	4.9955
525	-76.713	-6.3334	2.54
526	56.777	1.5501	1.3613
527	-5.0088	-83.117	2.9108
528	147.78	43.236	7.587
529	-188.77	25.946	9.232
530	6.2834	0.0033452	0.0098731
531	6.2761	-0.003979	0.0098765
532	6.2834	-0.00031688	0.0098703
533	6.2797	0.0033452	0.0098675
534	6.2761	-0.00031688	0.0098726
535	6.2797	-0.003979	0.0098687
536	74.897	21.2	3.1758
537	60.289	-163.17	8.025
538	6.364	-24.607	1.041
539	-76.525	-65.814	3.9044
540	70.476	-54.338	2.8241
541	130.48	45.374	5.6931
542	-30.728	2.6932	1.4908
543	5.4873	-10.714	0.84438
544	28.973	-41.728	1.3906
545	99.36	12.357	3.8071
546	-130.01	25.189	5.5656
547	6.2816	0.0015142	0.0098664
548	6.2779	-0.0021479	0.0098681
549	6.2816	-0.00031688	0.0098659
550	6.2797	0.0015142	0.0098653
551	6.2779	-0.00031688	0.009867
552	6.2797	-0.0021479	0.0098659
553	25.52	-46.974	1.9248
554	51.404	-170.55	8.7866
555	6.219	-186.31	8.7106
556	-172.66	-71.032	10.706
557	-37.43	-207.34	12.58
558	301.01	55.675	24.508
559	30.898	9.1252	0.40288
560	-42.473	-21.43	1.6185
561	36.652	16.769	1.0262
562	-1.5747	-16.792	1.0741
563	-47.557	13.994	0.80525
564	6.2807	0.00059865	0.009865
565	6.2788	-0.0012324	0.0098658
566	6.2807	-0.00031688	0.0098649
567	6.2797	0.00059865	0.0098648
568	6.2788	-0.00031688	0.0098654
569	6.2797	-0.0012324	0.0098651
570	-32.503	-86.908	3.0637
571	10.776	-75.338	2.2325
572	6.1982	-198.79	11.578
573	-149.76	-26.821	6.2819
574	-132.41	-225.69	18.838
575	372.94	54.156	37.016
576	69.86	10.277	1.8393
577	-61.482	-21.097	2.2107
578	36.639	63.736	2.1231
579	-91.493	-26.779	4.1945
580	34.712	-0.91886	2.0882
581	6.2802	0.00014088	0.0098647
582	-50.701	-93.18	4.7168
583	-30.482	34.251	1.1622
584	6.2144	-153.62	7.1488
585	-56.733	13.113	2.8192
586	-138.94	-105.12	8.2216
587	200.72	31.703	12.18
588	67.176	8.1935	2.4628
589	-43.659	-17.875	0.61083
590	34.592	64.244	2.4563
591	-112.59	-26.553	3.4716
592	64.663	-9.3902	2.3082
593	6.2807	0.00059865	0.009865
594	6.2797	-0.00031688	0.0098647
595	6.2807	0.00014088	0.0098649
596	6.2802	0.00059865	0.0098648
597	6.2797	0.00014088	0.0098647
598	6.2802	-0.00031688	0.0098647
599	-25.938	-54.243	1.3547
600	-66.51	129.37	5.4895
601	6.4372	-16.357	0.54347
602	51.913	40.751	2.0235
603	-78.126	52.103	3.8043
604	6.7569	6.3698	1.2056
605	41.334	-0.82448	2.1625
606	-16.684	-9.5106	1.5988
607	20.589	46.609	1.654
608	-84.373	-3.5625	2.0514
609	51.829	-10.586	1.6968
610	6.2804	0.00036977	0.0098648
611	6.28	-8.7997e-05	0.0098647
612	9.038	21.183	0.44209
613	-55.088	167.88	8.7183
614	6.6461	106.52	2.9156
615	139.22	39.43	6.7385
616	10.364	162.45	7.5061
617	-166.02	-18.418	8.7719
618	-4.2762	-8.4035	1.4204
619	8.2787	0.93367	1.3428
620	13.919	14.842	1.2075
621	-37.307	23.503	2.0523
622	-19.741	2.744	1.3262
623	6.2802	0.00014088	0.0098647
624	6.2797	-0.00031688	0.0098647
625	6.2802	-8.7997e-05	0.0098647
626	6.28	0.00014088	0.0098647
627	6.2797	-8.7997e-05	0.0098647
628	6.28	-0.00031688	0.0098647
629	39.813	87.043	3.4371
630	-13.882	154.16	7.137
631	6.7866	176.91	8.0974
632	141.77	12.018	5.5088
633	83.864	186.71	12.047
634	-236.14	-25.627	15.751
635	-42.194	-13.189	1.2737
636	15.155	5.1302	0.31156
637	11.268	-17.978	0.84605
638	15.154	30.53	0.50837
639	-81.917	19.845	2.6748
640	6.2801	2.6443e-05	0.0098647
641	51.031	114.21	4.4757
642	22.67	122.72	5.1815
643	6.6945	164.06	8.6325
644	88.864	-25.051	2.8689
645	65.652	114.13	5.8602
646	-199.39	-29.667	11.106
647	-55.333	-9.348	1.4582
648	17.778	8.5114	0.63487
649	7.0934	-39.348	2.02
650	60.971	29.755	1.9848
651	-98.27	30.016	3.1811
652	6.2802	0.00014088	0.0098647
653	6.28	-8.7997e-05	0.0098647
654	6.2802	2.6443e-05	0.0098647
655	6.2801	0.00014088	0.0098647
656	6.28	2.6443e-05	0.0098647
657	6.2801	-8.7997e-05	0.0098647
658	33.467	69.539	2.7013
659	25.368	66.486	3.2324
660	6.4859	113.33	4.1993
661	-18.948	-49.168	2.6676
662	-36.332	6.4314	1.3736
663	-54.019	-17.636	2.6218
664	-36.861	-1.5516	1.0352
665	17.347	6.5272	1.0925
666	4.9155	-40.719	1.5958
667	86.193	27.136	3.2299
668	-47.048	32.607	1.3366
669	6.2801	8.3664e-05	0.0098647
670	6.28	-3.0777e-05	0.0098647
671	14.075	5.2935	1.108
672	2.4729	-1.8579	1.2019
673	6.274	-11.653	1.4202
674	-108.42	-61.738	4.9284
675	-126.21	-90.648	6.7803
676	100.19	7.8864	2.8074
677	-11.436	6.14	1.1964
678	13.354	2.43	1.1497
679	4.8849	-27.454	1.0492
680	70.045	17.809	1.7083
681	10.935	23.437	1.1282
682	6.2801	2.6443e-05	0.0098647
683	6.28	-8.7997e-05	0.0098647
684	6.2801	-3.0777e-05	0.0098647
685	6.28	2.6443e-05	0.0098647
686	-6.4386	-51.054	1.6891
687	-20.065	-54.013	1.5238
688	6.3106	-124.01	3.8934
689	-137.52	-52.879	5.7021
690	-146.93	-121.72	9.8651
691	169.26	27.25	7.5016
692	23.81	10.318	1.0383
693	9.3162	-1.456	1.5344
694	6.1384	-11.382	1.2331
695	52.199	1.7379	1.801
696	43.162	4.2453	2.1454
697	6.2801	8.3664e-05	0.0098647
698	6.28	-3.0777e-05	0.0098647
699	6.2801	2.6443e-05	0.0098647
700	6.28	8.3664e-05	0.0098647
701	6.28	2.6443e-05	0.0098647
702	6.28	-3.0777e-05	0.0098647
703	-18.469	-66.73	3.1251
704	-41.936	-64.965	2.3233
705	6.4767	-155.48	8.0349
706	-111.26	-19.947	4.2027
707	-60.304	-113.63	5.3304
708	162.14	23.303	7.9537
709	50.257	8.472	0.69192
710	6.7661	-3.7145	1.7856
711	7.3547	4.7638	1.4857
712	12.224	0.31495	0.11858
713	30.613	-10.848	1.1371
714	6.2801	5.5054e-05	0.0098647
715	6.28	-2.1668e-06	0.0098647
716	6.2801	2.6443e-05	0.0098647
717	-12.749	-36.592	0.65048
718	-34.301	-65.758	1.5913
719	6.5793	-99.366	3.086
720	-34.74	15.747	1.5004
721	31.685	-57.896	3.0485
722	66.54	13.318	1.3077
723	71.153	1.4111	2.5105
724	4.6018	-2.0173	1.0222
725	9.7181	8.9892	1.9985
726	-24.386	-1.0681	0.61474
727	9.663	-9.7153	1.8563
728	6.2801	5.5054e-05	0.0098647
729	6.28	-2.1668e-06	0.0098647
730	3.999	19.873	1.158
731	-19.53	-40.308	2.2587
732	6.6908	30.354	2.0347
733	45.133	25.581	1.3774
734	102.87	27.356	4.4445
735	-41.017	-1.7706	1.73
736	51.102	-5.4672	2.1622
737	4.7814	2.13	1.0024
738	11.252	-3.1337	1.1865
739	-45.036	-1.1925	1.1785
740	-38.349	-2.5956	1.5776
741	6.2801	2.6443e-05	0.0098647
742	6.28	-3.0777e-05	0.0098647
743	6.2801	-2.1668e-06	0.0098647
744	20.367	67.907	2.2902
745	-9.3027	-2.0633	1.1335
746	6.7969	123.74	4.0613
747	81.764	4.983	3.6023
748	154.87	86.592	8.8521
749	-111.88	-10.614	4.0389
750	24.412	-7.3303	0.82159
751	7.2107	5.4638	1.4707
752	10.425	-18.501	1.5823
753	-42.506	-0.76578	1.3706
754	-81.46	5.811	3.221
755	6.2801	2.6443e-05	0.0098647
756	6.28	-3.0777e-05	0.0098647
757	6.2801	-2.1668e-06	0.0098647
758	6.2801	2.6443e-05	0.0098647
759	6.28	-2.1668e-06	0.0098647
760	6.2801	-3.0777e-05	0.0098647
761	26.544	70.518	2.2727
762	5.1596	32.584	1.4876
763	6.7635	123.21	4.2162
764	56.371	-29.989	2.7149
765	73.404	107.46	5.5757
766	-87.878	-14.507	3.6533
767	-7.5276	-3.9455	1.319
768	11.42	6.9356	0.96616
769	8.7817	-25.992	1.9014
770	-19.921	0.14224	0.62251
771	-70.088	13.886	2.7962
772	6.2801	1.2138e-05	0.0098647
773	6.28	-1.6472e-05	0.0098647
774	23.975	16.749	0.91288
775	12.169	42.541	1.274
776	6.6127	10.044	0.38975
777	-24.565	-59.848	2.1245
778	-60.853	62.594	3.2865
779	10.92	-11.996	1.0212
780	-29.248	1.9054	1.3394
781	16.274	5.619	0.50539
782	7.103	-30.815	1.9185
783	12.73	0.97282	0.27847
784	-22.345	14.247	0.4284
785	6.2801	-2.1668e-06	0.0098647
786	6.28	-3.0777e-05	0.0098647
787	6.2801	-1.6472e-05	0.0098647
788	6.28	-2.1668e-06	0.0098647
789	19.029	-35.104	0.46163
790	12.52	16.499	0.48605
791	6.4016	-95.822	3.0966
792	-89.375	-55.506	3.7639
793	-167.87	-6.8673	8.0862
794	98.34	-5.6144	3.0324
795	-21.908	6.4547	0.98326
796	15.965	1.6271	1.459
797	6.3317	-28.461	0.92147
798	39.414	1.1111	1.4903
799	24.643	7.729	0.56354
800	6.2801	1.2138e-05	0.0098647
801	6.28	-1.6472e-05	0.0098647
802	6.2801	-2.1668e-06	0.0098647
803	6.28	1.2138e-05	0.0098647
804	6.28	-2.1668e-06	0.0098647
805	6.28	-1.6472e-05	0.0098647
806	4.361	-63.826	2.164
807	10.979	-8.9085	1.0666
808	6.2847	-123.68	3.9606
809	-93.815	-19.736	3.1339
810	-183.23	-60.392	10.154
811	129.83	1.4794	5.4762
812	5.9565	5.1839	1.8356
813	12.913	-0.72992	0.22394
814	5.7738	-20.648	1.5051
815	48.753	0.61747	1.5418
816	46.651	2.8541	1.1609
817	-7.5879	-69.186	2.1519
818	8.3247	-19.294	1.3255
819	6.4128	-91.602	3.4662
820	-44.379	16.351	1.0646
821	-119.62	-78.487	5.6334
822	97.457	6.3211	3.1446
823	30.951	2.6928	1.5337
824	9.4262	-2.4721	0.84741
825	5.8361	-5.8587	1.5034
826	38.982	-0.23748	1.1003
827	49.569	1.7738	1.3763
828	-9.4642	-30.652	0.30789
829	6.0132	-19.382	0.69948
830	6.5759	-15.845	0.87513
831	15.518	38.303	1.0621
832	4.718	-45.882	1.5289
833	27.91	0.30205	2.1079
834	43.322	-0.56986	0.74251
835	6.1171	-2.6428	1.3006
836	7.2951	8.9212	0.50317
837	10.998	-0.80816	1.0284
838	30.73	2.9686	1.6284
839	-9.5067	4.7782	0.05954
840	5.5315	-10.743	0.85042
841	6.7253	53.51	0.83188
842	67.838	29.862	2.5586
843	96.034	16.873	3.5489
844	-41.176	-6.8389	1.5518
845	31.218	-3.0233	1.7725
846	5.0112	-2.3893	1.0426
847	8.2347	20.174	1.0712
848	-13.458	-1.0013	0.5684
849	-6.3387	8.113	0.17344
850	-8.4875	35.96	1.9077
851	8.146	11.84	0.90912
852	6.75	88.458	2.11
853	54.503	-12.102	1.4834
854	116.73	71.481	6.5327
855	-78.839	-12.437	1.8209
856	15.387	-3.868	0.19119
857	4.6892	-0.89886	1.0243
858	8.3512	25.763	1.5681
859	-22.508	-0.11565	1.9933
860	-34.019	9.8905	1.9645
861	-1.8404	53.896	1.9712
862	11.63	33.669	1.1731
863	6.6727	30.759	2.1459
864	20.246	-52.196	1.6615
865	114.92	100.27	6.762
866	-93.425	-16.888	2.7019
867	-4.57	-2.6574	0.96392
868	5.9667	0.81324	0.21158
869	7.6966	14.206	1.1928
870	-5.5446	0.78611	0.37977
871	-40.701	8.1374	2.2855
872	2.2553	39.921	0.76806
873	13.334	44.376	0.81773
874	6.4478	-43.38	0.75359
875	-17.523	-84.078	3.079
876	55.028	66.835	2.9238
877	-21.458	-14.611	0.63774
878	-16.133	-0.47748	1.9248
879	7.1123	2.3192	1.0607
880	6.9734	1.6273	0.69834
881	23.09	1.2383	1.4249
882	-10.413	5.7162	0.69363
883	1.0121	1.5672	0.76431
884	13.837	34.714	1.1032
885	6.2706	-88.19	2.0635
886	-41.51	-88.654	4.1719
887	-4.8741	-6.6051	1.0236
888	44.599	-7.4377	1.0868
889	-16.986	1.8916	1.1397
890	7.7533	3.0788	1.0747
891	6.1131	-9.4255	0.11689
892	45.242	1.2592	1.3196
893	26.612	4.4342	1.2738
894	-0.36524	-32.122	1.9585
895	9.9458	12.323	0.40568
896	6.1595	-112.54	4.6807
897	-38.235	-58.472	2.9726
898	-54.383	-68.381	2.7205
899	69.21	-1.651	1.8074
900	-4.3878	3.8771	0.7148
901	7.1401	2.8243	1.2855
902	5.356	-15.555	1.0656
903	47.944	0.62892	2.1908
904	45.27	4.1014	1.7875
905	-2.2816	-50.758	1.492
906	5.317	-9.7791	0.57224
907	6.2534	-93.216	4.1798
908	-9.1671	-24.17	0.98615
909	-86.638	-102.32	5.7344
910	42.22	3.2951	1.3174
911	14.901	3.6304	0.4781
912	6.4411	1.0502	0.28311
913	5.1447	-15.421	1.1043
914	33.664	-0.2241	1.9025
915	32.5	3.866	1.6972
916	-3.9613	-51.205	1.7135
917	1.5539	-26.24	1.1566
918	6.4042	-54.489	1.0827
919	21.825	16.03	1.5118
920	-64.621	-100.56	4.4833
921	-16.684	-1.5662	1.3205
922	25.465	0.96329	0.42796
923	5.6697	-0.78464	0.31319
924	5.2934	-7.0969	0.85431
925	7.4512	-0.64885	0.6625
926	-1.0127	4.8238	1.5165
927	-2.4559	-27.057	1.9278
928	2.4888	-20.254	0.9584
929	6.5435	-16.269	0.60677
930	46.958	44.54	3.0305
931	14.666	-88.792	3.5287
932	-64.032	-9.8009	1.7601
933	25.654	-1.6987	0.85205
934	5.384	-1.2924	0.62766
935	5.8684	1.2444	0.4258
936	-14.602	-0.4727	1.4768
937	-33.009	4.4428	1.2546
938	2.0723	1.7358	1.1637
939	6.9878	0.15838	0.25514
940	6.6362	24.659	1.0159
941	46.545	59.366	2.0714
942	72.59	-37.117	3.0793
943	-95.306	-16.747	2.9733
944	17.805	-2.9774	1.3376
945	5.4637	-0.74224	0.41687
946	6.5798	4.5165	1.971
947	-23.429	-0.24551	1.268
948	-48.641	4.3889	1.5431
949	2.986	28.215	1.6478
950	10.95	18.166	1.1563
951	6.6199	28.886	1.2244
952	22.264	19.531	1.5282
953	92.904	30.545	3.5989
954	-90.131	-21.114	2.743
955	3.6526	-2.967	0.56668
956	5.6221	0.34469	0.24196
957	7.0422	3.4527	1.5702
958	-23.303	0.27049	1.3873
959	-37.5	4.1735	2.3185
960	2.617	46.541	1.6101
961	10.98	22.294	1.1388
962	6.6284	13.677	1.9704
963	-4.9706	-18.727	0.8946
964	62.771	78.599	2.9661
965	-54.774	-18.332	2.0209
966	-7.0539	-0.9789	0.46035
967	6.25	1.2653	0.38474
968	7.0622	-3.5803	1.5989
969	-13.12	0.66009	0.28356
970	-9.7022	4.1722	0.083694
971	1.7672	50.015	1.4914
972	8.3225	15.747	1.1418
973	6.5534	-3.9668	1.9243
974	-25.851	-51.935	1.4191
975	19.681	93.672	3.9412
976	-9.1798	-7.3279	1.4732
977	-11.901	0.93323	0.41386
978	6.8097	1.8089	0.76377
979	7.0606	-8.7567	0.32187
980	1.4006	0.66844	0.84976
981	22.703	4.0738	0.40172
982	1.151	33.765	1.1597
983	5.0497	6.8313	0.97906
984	6.4787	-18.689	0.31618
985	-27.967	-51.541	2.1564
986	-23.435	18.44	1.3353
987	34.132	0.23881	2.1891
988	-9.2123	1.8697	1.2627
989	7.1809	1.6681	0.77582
990	6.4219	-12.378	1.8238
991	16.659	0.51076	1.6128
992	48.01	3.7158	1.029
993	-1.0352	4.3056	1.5129
994	3.0505	-5.8287	0.45606
995	6.4988	-29.75	1.7965
996	-8.1872	-33.732	1.3948
997	-46.189	-56.619	1.9233
998	54.344	1.1846	2.1352
999	1.9029	1.3946	1.1813
1000	6.9143	1.0819	0.42983
1001	5.7683	-11.256	1.1312
1002	28.804	0.31712	2.0489
1003	57.778	2.6888	1.945
1004	-4.5414	-21.879	0.9594
1005	3.1468	-15.872	1.2909
1006	6.56	-33.768	0.99732
1007	14.164	-8.0048	1.0878
1008	-43.431	-116.96	4.4474
1009	30.687	-5.1251	1.9025
1010	14.411	0.34056	1.3143
1011	6.4772	0.17469	0.036729
1012	5.4155	-9.174	0.39513
1013	24.453	0.13452	0.37508
1014	57.483	1.9119	1.698
1015	-5.3667	-37.371	1.1893
1016	5.7721	-23.407	1.7254
1017	6.5971	-31.525	2.1679
1018	21.588	13.758	0.28608
1019	-21.851	-135.73	5.5695
1020	-1.4434	-12.167	1.124
1021	19.718	-0.68044	0.52487
1022	6.0788	-0.67395	0.13926
1023	5.7455	-2.8673	1.3891
1024	10.067	-0.072515	1.8252
1025	6.9695	2.0773	0.93453
1026	-6.477	-23.646	1.6703
1027	8.7786	-12.172	0.51022
1028	6.6448	-13.799	1.9428
1029	21.019	30.922	0.79007
1030	8.9468	-101.51	2.8088
1031	-36.517	-13.031	1.7466
1032	19.759	-1.0225	0.63723
1033	5.8146	-0.95974	0.31415
1034	6.1432	2.4885	1.1969
1035	-2.231	-0.033684	1.6143
1036	-45.599	2.7449	1.5051
1037	-8.0106	6.9635	1.0609
1038	10.383	7.1439	1.2309
1039	6.5242	3.073	1.5631
1040	17.657	24.128	1.3031
1041	35.214	-30.565	0.8074
1042	-57.581	-13.588	2.3789
1043	18.251	-0.63002	0.33785
1044	5.7654	-0.7845	0.26986
1045	6.5235	6.329	1.2488
1046	-6.2478	0.1019	0.012981
1047	-82.739	3.417	3.0818
1048	-9.5941	32.811	0.94374
1049	8.8849	20.6	0.76897
1050	6.4017	9.1418	0.054378
1051	14.614	3.947	0.62641
1052	53.851	37.51	2.2383
1053	-60.422	-11.158	1.9173
1054	14.592	0.042084	1.4927
1055	5.8984	-0.26715	0.09832
1056	6.6506	4.5349	1.9475
1057	-7.0933	0.17179	0.32823
1058	-62.342	4.1568	2.8404
1059	-8.5976	46.879	1.4587
1060	6.7101	28.914	1.2426
1061	6.2534	13.057	2.0336
1062	10.574	-13.705	0.68024
1063	58.159	75.544	3.2333
1064	-38.108	-6.1668	1.6887
1065	8.6625	0.60071	1.6779
1066	6.1576	0.41083	0.05897
1067	6.4959	-4.3425	1.9903
1068	-6.1447	0.15304	0.024813
1069	-19.871	3.2122	1.438
1070	-3.8447	25.591	1.7235
1071	4.7569	17.752	1.04
1072	6.1565	14.504	1.7307
1073	11.239	-27.417	1.0121
1074	52.387	98.192	4.5941
1075	0.8598	0.21588	0.35519
1076	2.0011	0.7987	1.3536
1077	6.492	0.9079	0.22723
1078	6.2516	-11.138	1.0628
1079	-1.6662	0.091992	1.0958
1080	21.687	1.5594	1.5487
1081	1.5727	-2.1237	1.0019
1082	3.8473	-0.49936	1.7179
1083	6.1928	12.771	1.97
1084	11.703	-36.865	0.98771
1085	26.98	97.11	3.7854
1086	37.187	5.8176	1.8456
1087	-3.2262	0.4918	1.9394
1088	6.7493	1.0956	0.37328
1089	6.0159	-14.438	1.744
1090	2.528	0.014586	1.8191
1091	49.484	-0.052145	0.90255
1092	4.9681	-26.32	0.93359
1093	4.7201	-16.306	1.0681
1094	6.3391	9.6078	0.16201
1095	14.465	-37.046	1.5518
1096	-1.9111	15.898	1.1453
1097	59.193	7.6705	2.4647
1098	-5.544	0.074575	0.2697
1099	6.8761	0.61013	0.25856
1100	5.9578	-11.107	1.0397
1101	3.5567	-0.029543	1.918
1102	44.702	0.65269	0.82618
1103	6.1177	-41.407	1.9668
1104	6.3621	-27.302	0.30145
1105	6.4732	5.66	1.6587
1106	16.021	-2.58	0.82723
1107	-13.896	-67.162	2.3985
1108	56.846	4.6522	2.759
1109	-0.18402	-0.33942	0.045101
1110	6.8627	0.0077216	0.17508
1111	6.0329	-5.4122	1.7665
1112	4.1733	-0.026622	1.5176
1113	38.837	1.7328	1.2358
1114	2.3919	-28.857	1.221
1115	7.8104	-24.827	1.1574
1116	6.5092	0.58729	0.11895
1117	16.354	35.662	2.1805
1118	-11.393	-124.07	4.5042
1119	34.336	-0.011427	2.2702
1120	6.4992	-0.45428	0.083809
1121	6.5183	-0.47016	0.091442
1122	6.1966	-0.49356	0.073461
1123	2.709	-0.010552	1.9097
1124	10.265	2.6294	0.83818
1125	-4.016	-11.113	1.0325
1126	8.5273	-3.7816	0.46512
1127	6.4547	-1.5774	0.57765
1128	17.915	65.52	2.5696
1129	15.156	-125.04	5.7321
1130	-8.9623	-4.0746	0.15947
1131	12.272	-0.26763	0.097815
1132	6.0854	-0.44494	0.076934
1133	6.3736	4.0755	1.9768
1134	0.72138	0.012336	0.24927
1135	-23.589	3.6987	1.1657
1136	-8.4183	12.69	0.57681
1137	8.3408	16.596	1.4016
1138	6.3534	-1.2674	0.38747
1139	17.507	54.537	1.6732
1140	45.44	-28.164	1.6599
1141	-39.495	-6.3384	1.3491
1142	12.236	0.085275	0.093324
1143	5.8112	-0.22225	0.12876
1144	6.4832	7.5205	0.46687
1145	-2.4529	0.037227	1.7733
1146	-39.44	4.2438	1.2259
1147	-8.9492	25.476	1.7787
1148	7.5088	27.494	0.92217
1149	6.2636	3.2368	1.6701
1150	18.354	19.107	0.6599
1151	60.402	58.424	2.0907
1152	-34.636	-5.5074	0.5799
1153	9.111	0.36231	1.9409
1154	6.0139	0.075951	0.04648
1155	6.5342	6.0664	1.4173
1156	-6.4898	0.060553	0.032703
1157	-39.738	3.2916	1.0879
1158	-8.2559	18.94	1.3718
1159	6.4551	31.748	2.1461
1160	6.188	7.1137	0.7112
1161	14.858	-22.023	0.52279
1162	62.897	93.986	5.0802
1163	-8.7105	-2.9776	0.63614
1164	5.1609	0.36271	0.58722
1165	6.2868	0.33679	0.038139
1166	6.4856	3.2191	1.6483
1167	-7.5637	0.067182	0.72842
1168	-26.076	1.1697	0.77306
1169	-7.4694	10.282	0.83375
1170	5.6358	16.55	0.55806
1171	6.1647	9.38	0.098535
1172	10.819	-43.796	1.6673
1173	27.63	83.72	2.2381
1174	21.033	-0.035832	1.6853
1175	2.1091	0.1124	1.5122
1176	6.5727	0.3946	0.089518
1177	6.2859	-0.74371	0.14514
1178	-4.3432	0.05888	1.3653
1179	6.207	-0.44442	0.061412
1180	-0.61431	-2.9386	1.3991
1181	5.5905	0.56461	0.29885
1182	6.2103	6.6383	1.039
1183	8.4392	-30.459	0.7531
1184	-4.0513	9.2998	1.6136
1185	34.929	1.998	1.4526
1186	0.87891	-0.118	0.36442
1187	6.7239	0.41918	0.14633
1188	6.0883	-4.0088	1.9485
1189	2.1366	0.036843	1.5371
1190	34.582	-1.8084	1.5876
1191	3.6826	-10.898	1.1597
1192	6.1028	-13.907	1.9602
1193	6.2881	3.8256	1.9198
1194	8.2464	-2.6141	0.91389
1195	-20.493	-62.769	2.1563
1196	36.041	2.714	1.2967
1197	2.7599	-0.23184	1.9175
1198	6.6052	0.21754	0.073516
1199	5.9411	-6.1944	1.3257
1200	5.4793	0.017132	0.31361
1201	56.184	-1.8814	1.5676
1202	5.7736	-12.564	1.7963
1203	6.7386	-17.238	0.25071
1204	6.364	1.0442	0.27322
1205	13.934	22.193	1.3736
1206	-6.1139	-91.457	3.3604
1207	20.864	1.4674	1.3273
1208	6.3015	-0.22434	0.022661
1209	6.2953	-0.040856	0.010399
1210	5.9711	-5.0272	1.8869
1211	3.0682	-0.0031823	1.9997
1212	58.12	-1.4599	1.8452
1213	1.513	-3.9471	1.0587
1214	7.1967	-15.4	1.1368
1215	6.4253	0.32563	0.046562
1216	18.973	30.582	2.2502
1217	19.064	-68.329	2.6192
1218	-1.0828	-2.7193	1.1638
1219	9.4069	-0.087584	2.02
1220	6.0183	-0.26714	0.061108
1221	6.1662	-0.94222	0.22895
1222	-2.5517	0.027774	1.8325
1223	26.708	-1.0242	1.182
1224	-5.4555	6.1729	1.2473
1225	7.1758	-7.1346	0.8208
1226	6.4475	-0.38241	0.059751
1227	19.827	23.101	1.6844
1228	43.078	-27.009	1.047
1229	-20.188	-6.0076	1.2141
1230	10.369	0.080472	1.612
1231	5.8673	-0.38877	0.12824
1232	6.3546	2.9789	1.5214
1233	-5.6253	0.051578	0.21716
1234	-14.841	-0.24486	1.6926
1235	-10.378	14.634	0.73119
1236	6.7132	1.2319	0.42629
1237	6.458	-0.62509	0.1204
1238	17.373	9.7722	1.0232
1239	50.97	20.297	1.9153
1240	-24.833	-7.2809	0.76399
1241	9.3611	0.16945	2.0127
1242	6.0313	-0.23922	0.05448
1243	6.4718	4.6574	1.9869
1244	-7.0313	0.064102	0.28017
1245	-34.487	0.46839	2.2407
1246	-7.3806	14.949	1.2575
1247	6.296	5.8273	1.5763
1248	6.4405	-0.53169	0.091765
1249	16.562	-1.4856	1.3957
1250	38.36	34.479	1.0887
1251	-13.371	-5.7617	1.466
1252	6.6661	0.17254	0.090441
1253	6.3138	0.0066605	0.010445
1254	6.3875	3.9221	1.9419
1255	-6.5291	0.07621	0.042152
1256	-39.673	0.96708	1.6977
1257	-4.8434	7.5835	0.94119
1258	5.9601	3.9402	1.9018
1259	6.3715	-0.019847	0.014147
1260	13.266	-4.2338	1.8049
1261	21.619	33.027	1.1967
1262	4.3691	-2.7312	0.8879
1263	4.1476	0.15813	1.5362
1264	6.5418	0.21759	0.055387
1265	6.2258	1.3365	0.4254
1266	-4.0061	0.081399	1.6519
1267	-24.243	0.48077	0.55329
1268	-1.7133	-2.8413	0.94248
1269	6.1404	-4.7233	1.9854
1270	6.2849	0.43479	0.056812
1271	11.912	0.010264	0.2421
1272	9.1884	20.494	0.78901
1273	20.324	-0.13055	1.0076
1274	3.6322	0.030629	1.8852
1275	6.5282	0.24242	0.054756
1276	6.081	-1.8506	0.75613
1277	3.086	0.05872	2
1278	9.8083	-0.12382	1.9479
1279	1.216	-8.2105	0.70867
1280	6.3675	-14.768	1.5881
1281	6.2458	0.70482	0.13214
1282	10.131	3.7279	0.36364
1283	-2.9807	3.4539	0.24983
1284	26.217	1.212	0.86604
1285	4.3465	-0.091405	1.3618
1286	6.4309	0.21753	0.032922
1287	6.0462	-4.0314	1.9444
1288	8.6853	0.032722	1.7575
1289	39.086	-0.78579	1.2271
1290	3.3431	-6.6699	1.0177
1291	6.6347	-23.557	1.6965
1292	6.2638	0.57938	0.092817
1293	8.7428	4.8425	0.27944
1294	-11.743	-12.355	1.5975
1295	21.07	1.49	1.4105
1296	6.1383	-0.12749	0.023918
1297	6.2769	0.10692	0.012729
1298	6.108	-3.6245	1.837
1299	7.8145	0.01128	0.9758
1300	51.45	-0.92173	1.3621
1301	3.5395	-0.46501	1.8757
1302	6.8108	-23.627	1.6187
1303	6.3237	0.17978	0.018888
1304	8.6543	3.0268	0.6341
1305	-18.338	-16.54	0.59103
1306	2.2568	0.98334	1.4879
1307	7.8025	-0.050435	0.96379
1308	6.1484	-0.043751	0.01899
1309	6.2065	-1.196	0.34872
1310	0.057987	0.029727	0.0019024
1311	38.983	-0.78953	1.14
1312	-1.2287	7.6849	0.79351
1313	4.4649	-13.714	0.81612
1314	6.0571	-0.25992	0.051044
1315	4.5242	-0.4216	1.184
1316	-13.923	-7.1365	0.99151
1317	-18.294	0.16361	0.23971
1318	6.9395	0.049688	0.22027
1319	4.7459	-0.15566	0.97232
1320	4.0909	1.4563	1.3046
1321	-6.7348	0.045882	0.11206
1322	9.4748	-0.45638	1.9697
1323	0.058001	0.029742	0.0019034
1324	0.057972	0.029713	0.0019013
1325	-7.0831	11.553	1.2618
1326	1.2708	-1.7441	0.90331
1327	3.1109	-0.62134	1.9071
1328	2.7501	-3.3729	0.33257
1329	-9.2363	5.7178	0.42008
1330	-34.369	-0.89328	2.0883
1331	3.4354	0.11344	1.957
1332	3.2898	-0.17761	1.984
1333	0.77675	3.1351	1.432
1334	-9.4022	0.048835	2.0213
1335	-18.121	-0.1555	0.34052
1336	0.057987	0.029727	0.0019024
1337	0.057958	0.029699	0.0019003
1338	-12.113	9.2167	0.18341
1339	-0.056579	5.4007	1.7853
1340	0.49059	-0.86849	0.27936
1341	4.1794	-5.7952	0.71977
1342	-0.033646	13.201	2.039
1343	-29.207	-2.5525	1.0767
1344	-1.0898	0.15047	0.54024
1345	1.3491	-0.17161	0.78215
1346	-1.3599	3.138	1.1293
1347	-7.9892	0.036638	1.1507
1348	-29.831	0.15408	1.2366
1349	0.057987	0.029727	0.0019024
1350	0.057929	0.02967	0.0018982
1351	-12.408	3.7911	1.9266
1352	1.6712	4.2715	0.90575
1353	-0.98668	-0.74664	0.52401
1354	6.5812	-5.0076	1.8978
1355	6.887	12.745	1.8066
1356	-10.865	-3.4975	0.93076
1357	-4.334	0.12433	1.3727
1358	0.57503	-0.045927	0.16135
1359	-2.0112	0.65125	1.383
1360	-2.5561	0.021384	1.835
1361	-21.922	0.22183	2.1055
1362	0.057987	0.029727	0.0019024
1363	0.057872	0.029613	0.001894
1364	-8.0924	-1.8676	1.0757
1365	4.0363	-2.6764	0.80802
1366	0.034904	-0.25536	0.016874
1367	8.4873	-1.314	1.3727
1368	9.8381	2.6342	0.76245
1369	8.948	-3.5187	0.31769
1370	-1.3699	0.029705	0.801
1371	0.74585	0.098474	0.26741
1372	1.1188	-1.7148	0.84792
1373	3.8304	0.011316	1.7756
1374	-0.41763	-0.14015	0.090479
1375	0.057987	0.029727	0.0019024
1376	0.057758	0.029498	0.0018857
1377	-1.0191	-5.8306	1.3001
1378	5.1889	-9.2005	0.58048
1379	4.0734	0.24196	1.5918
1380	7.4217	2.3036	1.0394
1381	7.0133	-7.1981	0.75065
1382	18.652	-2.1198	1.0177
1383	1.4042	-0.058414	0.83482
1384	2.4962	0.21135	1.7915
1385	4.8575	-3.2724	1.1064
1386	8.5063	0.012648	1.6251
1387	20.577	-0.60379	1.2481
1388	0.057987	0.029727	0.0019024
1389	0.057529	0.029269	0.0018692
1390	4.2971	-2.7133	0.86895
1391	4.9618	-16.295	0.9485
1392	6.2161	0.55725	0.088448
1393	6.4886	4.6229	1.9869
1394	-0.19968	-11.074	1.0078
1395	21.496	-0.8432	1.8437
1396	5.8365	-0.12651	0.11024
1397	4.1884	0.15893	1.5016
1398	7.0799	-2.9309	1.3508
1399	7.5616	0.025654	0.72612
1400	31.57	-0.72478	0.38806
1401	0.057987	0.029727	0.0019024
1402	0.057071	0.028812	0.0018363
1403	1.7239	4.7785	0.85826
1404	4.3648	-15.295	1.0021
1405	5.3403	0.68324	0.48702
1406	5.732	6.1677	1.3107
1407	-6.6633	-12.846	1.9274
1408	7.9252	-0.026649	1.0868
1409	8.6014	-0.10837	1.6963
1410	5.5351	0.068183	0.27549
1411	7.7723	-0.82852	0.94733
1412	2.8573	0.038377	1.9616
1413	34.158	-0.54707	2.1448
1414	0.057987	0.029727	0.0019024
1415	0.056155	0.027896	0.0017715
1416	-6.2292	9.8895	0.27675
1417	3.0221	-11.547	0.73206
1418	4.5097	0.40256	1.1983
1419	4.6574	1.743	1.0244
1420	-10.647	-7.2246	1.1732
1421	-9.9478	-0.74725	1.773
1422	7.959	-0.014497	1.1207
1423	4.8493	-0.080592	0.86965
1424	6.1485	1.2803	0.398
1425	-2.4051	0.044153	1.7419
1426	13.212	-0.33726	0.26744
1427	0.057987	0.029727	0.0019024
1428	0.054324	0.026065	0.0016457
1429	-11.911	9.2211	0.28597
1430	2.3151	-9.0318	1.6956
1431	2.8051	0.074457	1.9446
1432	3.9659	-2.9241	0.68236
1433	-11.431	4.068	1.4436
1434	-22.759	-2.2262	1.1283
1435	3.9793	0.079712	1.6721
1436	4.4754	-0.18639	1.2378
1437	2.6237	2.9497	0.57596
1438	-5.2897	0.040817	0.46141
1439	-10.934	-0.071069	1.0913
1440	0.057987	0.029727	0.0019024
1441	0.050662	0.022403	0.0014091
1442	-10.929	7.7602	1.0918
1443	1.5002	-4.7344	1.0752
1444	2.2273	-0.26265	1.6011
1445	5.1379	-5.5684	1.3031
1446	-6.1195	13.194	2.035
1447	-24.47	-3.3851	1.7302
1448	-0.82145	0.14931	0.3228
1449	4.0075	-0.1998	1.6456
1450	0.24637	3.898	1.9025
1451	-6.4847	0.020431	0.030845
1452	-20.519	0.084341	1.2033
1453	0.057987	0.029727	0.0019024
1454	0.043338	0.015079	0.00099626
1455	-4.3541	4.8515	0.67449
1456	2.6055	-3.1417	0.4834
1457	3.0834	-0.40476	1.9601
1458	8.2947	-6.41	0.95117
1459	0.63286	15.942	0.84305
1460	-16.899	-3.4635	0.78932
1461	-1.4935	0.19211	0.92406
1462	3.0362	-0.089356	1.9948
1463	-0.55053	2.9514	1.4229
1464	-3.2486	-0.0015659	1.9969
1465	-21.122	-0.047946	1.7569
1466	0.057987	0.029727	0.0019024
1467	0.02869	0.00043034	0.00041177
1468	0.52309	1.4755	0.56456
1469	3.8779	-2.3189	0.95406
1470	3.8327	-0.40537	1.7428
1471	11.163	-3.3673	1.1545
1472	6.036	16.506	0.47064
1473	-2.0456	-3.4548	0.65399
1474	1.0987	0.17393	0.54903
1475	2.1377	0.041923	1.538
1476	0.9624	1.4807	0.7149
1477	0.7733	-0.019902	0.28461
1478	-1.6157	-0.2195	1.045
1479	0.057987	0.029727	0.0019024
1480	-0.00060723	-0.028867	0.0002087
1481	3.0293	-0.76138	1.8556
1482	5.0253	-3.4673	1.2467
1483	4.5399	-0.35804	1.1714
1484	11.439	1.7101	0.88159
1485	9.3103	8.7006	2.0256
1486	10.753	-2.031	1.0622
1487	4.4147	0.090032	1.2976
1488	0.95926	0.11314	0.42795
1489	3.2354	-0.53842	1.927
1490	4.0765	-0.039321	1.5978
1491	17.655	-0.31594	0.71982
1492	0.057987	0.029727	0.0019024
1493	-0.059201	-0.08746	0.003663
1494	0.057987	-0.028867	0.0018898
1495	-0.00060723	0.029727	0.00022132
1496	-0.059201	-0.028867	0.0019609
1497	-0.00060723	-0.08746	0.0019138
1498	4.6358	-0.15644	1.0815
1499	6.3601	-9.3172	0.080796
1500	5.1627	-0.090366	0.57234
1501	9.1635	5.7191	0.4305
1502	4.5531	-2.6928	0.9551
1503	10.585	0.10202	1.4264
1504	6.4672	-0.05123	0.027982
1505	0.93508	0.14909	0.40977
1506	5.2319	-2.1636	0.98771
1507	3.4055	-0.04783	1.9677
1508	27.713	-0.36193	2.0109
1509	0.02869	0.00043034	0.00041177
1510	-0.029904	-0.058163	0.0012934
1511	0.02869	-0.028867	0.00062016
1512	-0.00060723	0.00043034	2.308e-07
1513	1.9421	2.8834	0.83932
1514	7.4836	-11.213	1.0724
1515	4.2891	0.17268	1.4123
1516	4.9245	8.5447	0.8199
1517	-4.2331	-11.005	1.068
1518	6.076	1.8682	0.76821
1519	5.8336	-0.14941	0.11292
1520	1.8648	0.073204	1.2903
1521	5.4625	-2.8009	1.281
1522	0.84527	-0.03897	0.3369
1523	33.12	-0.36516	1.4027
1524	0.02869	0.029727	0.00063277
1525	-0.029904	-0.028867	0.00065575
1526	0.02869	0.00043034	0.00041177
1527	-0.00060723	0.029727	0.00022132
1528	-0.029904	0.00043034	0.00044736
1529	-0.00060723	-0.028867	0.0002087
1530	-2.9098	5.0115	0.11277
1531	4.7929	-9.6104	0.95878
1532	1.7673	0.33931	1.1904
1533	0.81436	9.9669	0.52965
1534	-9.9872	-10.456	1.4283
1535	-0.67303	1.3634	0.55475
1536	4.7798	-0.15192	0.93872
1537	2.9596	-0.041387	1.9852
1538	4.3537	-1.7698	1.1157
1539	-1.7085	-0.016098	1.138
1540	20.109	-0.33445	0.8034
1541	0.014041	0.015079	0.00015552
1542	-0.015256	-0.014218	0.00016701
1543	0.014041	0.00043034	9.8672e-05
1544	-0.00060723	0.015079	5.7083e-05
1545	-0.015256	0.00043034	0.00011647
1546	-0.00060723	-0.014218	5.0773e-05
1547	-7.4723	6.3689	1.1013
1548	1.9198	-6.5118	0.9747
1549	-0.4688	0.36816	0.13804
1550	2.0598	9.4942	1.4505
1551	-12.206	1.1685	0.40352
1552	-8.7026	-0.93395	1.6117
1553	3.5312	-0.084447	1.9265
1554	4.4396	-0.12721	1.2733
1555	3.0617	-0.15746	1.993
1556	-3.3573	0.012688	1.9796
1557	4.1731	-0.25374	1.5097
1558	0.006717	0.0077546	3.7618e-05
1559	-0.0079315	-0.0068939	4.3362e-05
1560	0.006717	0.00043034	2.2616e-05
1561	-0.00060723	0.0077546	1.5233e-05
1562	-0.0079315	0.00043034	3.1516e-05
1563	-0.00060723	-0.0068939	1.2078e-05
1564	-11.045	5.7246	1.0693
1565	-0.59861	-3.3474	1.5933
1566	-0.26903	0.25187	0.051253
1567	5.0336	6.6928	1.0112
1568	-12.68	11.238	1.1638
1569	-12.026	-2.9341	1.4523
1570	1.9621	0.010178	1.3823
1571	6.1705	-0.14041	0.020764
1572	3.0745	1.2527	1.634
1573	-1.9058	0.033599	1.3296
1574	-10.816	-0.067772	1.2076
1575	0.0030549	0.0040925	8.8597e-06
1576	-0.0042693	-0.0032318	1.1732e-05
1577	0.0030549	0.00043034	4.7148e-06
1578	-0.00060723	0.0040925	4.3757e-06
1579	-0.0042693	0.00043034	9.1645e-06
1580	-0.00060723	-0.0032318	2.7981e-06
1581	-12.459	4.0013	1.989
1582	-1.6856	-0.25416	1.1134
1583	2.2388	0.077962	1.6197
1584	5.5004	3.5547	1.5844
1585	-5.7556	14.627	1.5863
1586	-8.0785	-4.7611	0.80491
1587	0.99719	0.089979	0.45869
1588	7.1023	-0.090144	0.33113
1589	2.2133	1.6034	1.2554
1590	0.1171	0.031132	0.0070922
1591	-18.533	0.067498	0.13675
1592	0.0012238	0.0022614	2.029e-06
1593	-0.0024383	-0.0014007	3.4651e-06
1594	0.0012238	0.00043034	7.9559e-07
1595	-0.00060723	0.0022614	1.4642e-06
1596	-0.0024383	0.00043034	3.0205e-06
1597	-0.00060723	-0.0014007	6.7545e-07
1598	-11.175	1.4406	0.9381
1599	-0.72597	2.4195	1.106
1600	4.9011	-0.11158	0.81896
1601	5.1679	-1.6806	0.84322
1602	0.88447	12.475	1.5607
1603	-2.7641	-5.4429	0.30261
1604	1.0254	0.13444	0.48389
1605	6.9331	0.0065514	0.21588
1606	1.9628	0.72156	1.3345
1607	1.872	0.010455	1.2975
1608	-19.761	-0.0046869	0.48512
1609	0.00030829	0.0013459	5.0084e-07
1610	-0.0015228	-0.00048518	1.2189e-06
1611	0.00030829	0.00043034	9.3892e-08
1612	-8.6625	-1.2709	1.4695
1613	3.0208	3.3369	0.30075
1614	7.347	-0.21822	0.53376
1615	4.9439	-4.8343	1.2326
1616	5.9433	5.8717	1.5186
1617	1.935	-2.9386	0.83011
1618	2.2375	0.12303	1.6173
1619	5.7624	0.081022	0.14232
1620	1.8241	-0.67666	1.2234
1621	3.1649	-0.014531	2.0022
1622	-9.9158	-0.11643	1.9034
1623	0.0012238	0.0013459	1.2025e-06
1624	-0.00060723	-0.00048518	2.4337e-07
1625	0.0012238	0.00043034	7.9559e-07
1626	0.00030829	0.0013459	5.0084e-07
1627	-0.00060723	0.00043034	2.308e-07
1628	0.00030829	-0.00048518	1.0646e-07
1629	-4.1709	-0.97169	1.403
1630	5.2838	1.9916	0.92046
1631	6.4306	-0.17097	0.028413
1632	3.7388	-3.0457	0.5507
1633	4.58	-2.7062	0.9627
1634	2.2922	-0.27577	1.6492
1635	4.7385	0.074724	0.97957
1636	4.127	0.056195	1.5563
1637	3.3458	-1.6858	1.3656
1638	1.6196	-0.032182	1.0494
1639	5.3621	-0.18133	0.40719
1640	0.00076606	0.00088811	4.9095e-07
1641	-0.00014947	-2.7421e-05	1.1364e-08
1642	-2.7931	0.15514	1.9362
1643	7.2012	-1.4577	0.70119
1644	3.8607	-0.033364	1.7559
1645	1.4204	-0.96057	0.88415
1646	1.466	-8.3578	0.92058
1647	-1.5099	1.306	0.96427
1648	6.4577	0.021588	0.025727
1649	1.93	0.0030263	1.3524
1650	4.4112	-1.4511	1.1591
1651	-0.22605	-0.040644	0.025856
1652	17.975	-0.2445	0.44889
1653	0.00030829	0.00043034	9.3892e-08
1654	-0.00060723	-0.00048518	2.4337e-07
1655	0.00030829	-2.7421e-05	4.7735e-08
1656	-0.00014947	0.00043034	5.7521e-08
1657	-0.00060723	-2.7421e-05	1.8465e-07
1658	-0.00014947	-0.00048518	7.0086e-08
1659	-3.8596	3.0944	0.57018
1660	6.8865	-7.9784	0.36804
1661	1.1528	0.10669	0.59554
1662	0.34107	1.0404	0.30161
1663	-2.2312	-10.771	1.1746
1664	-6.7276	2.2605	1.0375
1665	5.5179	-0.039951	0.2867
1666	1.1859	-0.057455	0.62516
1667	3.9815	-0.7373	1.5829
1668	-1.7809	-0.024467	1.2093
1669	17.027	-0.29221	1.3159
1670	7.9413e-05	0.00020146	1.3312e-08
1671	-0.00037835	-0.0002563	8.805e-08
1672	7.9413e-05	-2.7421e-05	3.3429e-09
1673	-3.7417	6.0303	0.65486
1674	5.155	-14.077	1.4258
1675	-0.52647	0.17232	0.1419
1676	0.77664	2.4343	1.1086
1677	-4.5001	-9.9833	1.1804
1678	-9.5003	1.0028	1.7796
1679	1.9965	-0.072448	1.4134
1680	1.3337	-0.10124	0.76616
1681	3.1523	0.053593	2.0017
1682	-2.3268	0.0026855	1.6874
1683	9.7879	-0.24412	1.9449
1684	0.00030829	0.00020146	5.7703e-08
1685	-0.00014947	-0.0002563	2.7615e-08
1686	0.00030829	-2.7421e-05	4.7735e-08
1687	7.9413e-05	0.00020146	1.3312e-08
1688	-0.00014947	-2.7421e-05	1.1364e-08
1689	7.9413e-05	-0.0002563	1.9594e-08
1690	-3.3405	5.8734	0.4913
1691	1.3974	-15.854	1.0266
1692	-0.97226	0.17167	0.44096
1693	5.139	2.7769	1.1669
1694	-5.1351	0.82204	0.66393
1695	-8.6997	-2.468	0.89062
1696	-1.2484	-0.055655	0.68379
1697	1.9458	-0.081572	1.3666
1698	2.2286	0.57301	1.5632
1699	-1.4256	0.025741	0.85588
1700	2.6299	-0.10388	1.8713
1701	0.00019385	8.702e-05	2.0694e-08
1702	-3.5028e-05	-0.00014186	5.65e-09
1703	0.00019385	-2.7421e-05	1.8987e-08
1704	7.9413e-05	8.702e-05	5.0498e-09
1705	-3.5028e-05	-2.7421e-05	8.0195e-10
1706	-4.1497	3.1815	0.67185
1707	0.36861	-8.5327	0.11433
1708	1.5149	0.074983	0.9448
1709	9.1247	1.7743	1.3187
1710	-2.9694	10.309	1.5555
1711	-4.1887	-5.2218	0.58505
1712	-1.4483	0.0054264	0.87832
1713	3.7325	-0.041374	1.8336
1714	0.75936	0.92666	0.42529
1715	-0.39284	0.027853	0.076394
1716	-4.5605	-0.11419	1.156
1717	7.9413e-05	8.702e-05	5.0498e-09
1718	-0.00014947	-0.00014186	1.6212e-08
1719	7.9413e-05	-2.7421e-05	3.3429e-09
1720	-3.5028e-05	8.702e-05	2.5088e-09
1721	-0.00014947	-2.7421e-05	1.1364e-08
1722	-3.5028e-05	-0.00014186	5.65e-09
1723	-5.7129	-0.1885	0.17388
1724	0.37097	1.2203	0.39437
1725	4.5301	-0.064594	1.1863
1726	10.975	-0.11779	1.0504
1727	-0.056484	11.474	1.2888
1728	-1.5773	-4.8099	1.0001
1729	1.124	0.057106	0.56862
1730	4.3722	0.0094484	1.3384
1731	0.95416	1.0059	0.56242
1732	0.71415	0.012182	0.24451
1733	-3.8476	-0.25023	1.7528
1734	2.2192e-05	2.98e-05	4.686e-10
1735	-6.948	-1.8007	0.78219
1736	2.8414	9.1973	1.9554
1737	5.6856	-0.16484	0.187
1738	8.8134	-1.6874	1.3221
1739	1.0689	10.084	0.70733
1740	-1.2719	-4.1268	1.2918
1741	5.5361	0.06059	0.27468
1742	3.8741	0.040146	1.7469
1743	2.6985	-0.03352	1.905
1744	1.166	-0.010592	0.60656
1745	0.82859	-0.41878	0.35372
1746	7.9413e-05	8.702e-05	5.0498e-09
1747	-3.5028e-05	-2.7421e-05	8.0195e-10
1748	7.9413e-05	2.98e-05	3.377e-09
1749	2.2192e-05	8.702e-05	2.1414e-09
1750	-3.5028e-05	2.98e-05	8.3602e-10
1751	2.2192e-05	-2.7421e-05	4.3454e-10
1752	-6.5934	-0.18359	0.066621
1753	5.102	6.4401	1.0768
1754	6.0423	-0.16413	0.04455
1755	6.0423	-2.3089	1.0705
1756	1.4347	6.2448	1.0499
1757	-1.3754	-3.083	1.114
1758	6.9926	0.032218	0.2537
1759	3.9726	0.055423	1.6776
1760	4.2705	-0.93069	1.3431
1761	0.76678	-0.025664	0.28012
1762	5.943	-0.37555	0.09921
1763	7.9413e-05	2.98e-05	3.377e-09
1764	-3.5028e-05	-8.4641e-05	2.4066e-09
1765	7.9413e-05	-2.7421e-05	3.3429e-09
1766	2.2192e-05	2.98e-05	4.686e-10
1767	-3.5028e-05	-2.7421e-05	8.0195e-10
1768	2.2192e-05	-8.4641e-05	2.0392e-09
1769	-5.9335	3.2111	1.6165
1770	5.9238	-3.0281	1.5165
1771	5.215	-0.087381	0.52601
1772	4.253	-2.0855	1.0482
1773	0.21422	1.5124	0.53092
1774	-2.865	-1.7953	1.2883
1775	6.7685	0.0022737	0.12692
1776	3.6837	0.018927	1.8599
1777	5.2372	-1.3396	0.7147
1778	0.1809	-0.028165	0.016521
1779	8.5508	-0.24542	1.6505
1780	5.0803e-05	1.1894e-06	1.2915e-09
1781	-6.4178e-06	-5.6031e-05	8.0626e-10
1782	5.0803e-05	-2.7421e-05	1.4793e-09
1783	2.2192e-05	1.1894e-06	2.4673e-10
1784	-4.7327	6.6074	1.0173
1785	5.7688	-12.75	1.8478
1786	2.2642	0.050846	1.64
1787	5.7209	-0.51558	0.21783
1788	-1.2719	-2.6551	1.091
1789	-4.4332	-0.8908	1.2278
1790	3.2928	-0.024544	1.9912
1791	1.7915	-0.026996	1.2196
1792	4.3153	-0.66539	1.3495
1793	-0.40455	-0.013127	0.080803
1794	7.46	-0.08562	0.63072
1795	5.0803e-05	2.98e-05	1.5133e-09
1796	-6.4178e-06	-2.7421e-05	2.0877e-10
1797	-3.7195	7.6886	1.5732
1798	5.0182	-18.416	0.82072
1799	0.89791	0.15204	0.38056
1800	5.7613	0.96054	0.33402
1801	-2.7599	-2.143	1.0545
1802	-4.4207	-0.23212	1.2886
1803	-0.50093	-0.033156	0.12317
1804	-0.49393	-0.057344	0.12031
1805	3.9975	0.06445	1.6588
1806	-0.76421	0.0032059	0.27822
1807	3.6719	-0.07314	1.8649
1808	2.2192e-05	1.1894e-06	2.4673e-10
1809	-3.5028e-05	-5.6031e-05	1.3994e-09
1810	2.2192e-05	-2.7421e-05	4.3454e-10
1811	-6.4178e-06	1.1894e-06	2.0959e-11
1812	-2.342	3.3786	0.49544
1813	2.2736	-19.336	1.3843
1814	0.19332	0.17442	0.026099
1815	5.6678	1.9008	0.82538
1816	-3.586	-0.69894	1.7982
1817	-4.9333	-0.71297	0.81437
1818	-3.3471	-0.022971	1.9816
1819	-1.9936	-0.050638	1.4111
1820	2.8427	0.57209	1.8806
1821	-0.88846	0.015782	0.36963
1822	0.3058	-0.072671	0.047678
1823	2.2192e-05	2.98e-05	4.686e-10
1824	-3.5028e-05	-2.7421e-05	8.0195e-10
1825	2.2192e-05	1.1894e-06	2.4673e-10
1826	-6.4178e-06	2.98e-05	2.4283e-10
1827	-3.5028e-05	1.1894e-06	6.1414e-10
1828	-6.4178e-06	-2.7421e-05	2.0877e-10
1829	-1.7991	-0.080355	1.2268
1830	1.2299	-7.6523	0.79997
1831	0.8397	0.075343	0.33344
1832	4.5405	0.81002	1.1491
1833	-3.0302	2.6527	0.70568
1834	-4.0166	-1.1361	1.4494
1835	-3.8805	-0.0096934	1.7429
1836	-2.2524	-0.02308	1.6312
1837	1.9597	0.66926	1.3386
1838	-0.70611	0.02174	0.23932
1839	-2.7483	-0.069879	1.9244
1840	7.8873e-06	1.5495e-05	9.12e-11
1841	-2.0723e-05	-1.3116e-05	2.5788e-10
1842	7.8873e-06	1.1894e-06	3.1474e-11
1843	-6.4178e-06	1.5495e-05	8.0685e-11
1844	-2.0723e-05	1.1894e-06	2.1518e-10
1845	-6.4178e-06	-1.3116e-05	6.3653e-11
1846	-4.0646	-2.3805	0.93781
1847	2.4545	3.4051	0.43027
1848	2.3598	-0.058386	1.7105
1849	1.9556	-0.71236	1.3299
1850	-1.3246	5.5915	1.1759
1851	-4.0674	-1.5557	1.2774
1852	0.62455	0.0042566	0.18887
1853	1.6891	-0.00041187	1.1187
1854	2.2288	0.22014	1.6054
1855	0.01855	0.018114	0.00025423
1856	-4.3532	-0.040218	1.3562
1857	-7.101	-2.8907	1.3264
1858	4.4343	7.3271	1.1423
1859	3.6579	-0.15784	1.8676
1860	0.30931	-1.704	0.65992
1861	0.039367	5.4718	1.7537
1862	-4.6285	-2.7988	0.97405
1863	7.0167	0.012986	0.26953
1864	6.438	0.009425	0.022342
1865	2.722	-0.45456	1.8684
1866	0.63222	0.014517	0.19342
1867	-4.7616	-0.0083422	0.95651
1868	-9.9839	-0.2796	1.8562
1869	5.6254	2.6835	1.2637
1870	3.7042	-0.17286	1.843
1871	-0.73008	-2.2196	1.0004
1872	0.58745	3.5222	1.6653
1873	-5.0201	-3.6869	1.2703
1874	11.837	0.011663	0.28977
1875	10.183	0.013043	1.7518
1876	1.9814	-0.96312	1.3114
1877	0.72234	-0.00057571	0.24987
1878	-2.0167	-0.0041728	1.4323
1879	-11.578	3.8326	1.5369
1880	6.0329	-2.1167	0.93851
1881	3.4372	-0.093536	1.9575
1882	1.0114	-1.854	0.86479
1883	-0.34727	0.5704	0.13526
1884	-5.3752	-2.6362	1.1868
1885	12.822	0.0045888	0.073689
1886	8.8408	-0.0097517	1.8538
1887	1.8061	-0.91443	1.1871
1888	0.50271	-0.013569	0.12383
1889	2.2778	-0.029789	1.6507
1890	-6.8023	7.4849	0.54959
1891	4.1494	-8.9548	1.5574
1892	2.984	0.038674	1.9895
1893	4.2091	-0.10382	1.4854
1894	-1.1204	-2.1509	0.97977
1895	-4.0549	-1.4846	1.3089
1896	10.427	-0.0023056	1.5655
1897	2.3327	-0.036196	1.6915
1898	1.8611	-0.42106	1.2746
1899	-0.14393	-0.020833	0.010453
1900	5.0868	-0.050836	0.641
1901	-2.4596	9.6928	1.6783
1902	3.0164	-11.672	0.65048
1903	2.3795	0.13246	1.7216
1904	6.5503	1.2864	0.41885
1905	-1.1966	-2.8078	1.1496
1906	-2.6505	-0.70103	1.7776
1907	7.2076	-0.007412	0.41068
1908	-2.7901	-0.057458	1.94
1909	2.4975	0.084167	1.7998
1910	-0.68271	-0.017176	0.22431
1911	5.8639	-0.063266	0.09613
1912	-0.40179	10.57	0.68676
1913	1.7612	-11.089	1.034
1914	1.9188	0.09968	1.3411
1915	8.1944	2.0885	1.0492
1916	-0.57539	-2.7115	1.2869
1917	-2.431	-0.94064	1.5981
1918	3.444	-0.0096242	1.9576
1919	-3.4896	-0.053384	1.9424
1920	3.6611	0.35412	1.8444
1921	-0.89625	-0.0073185	0.37567
1922	1.8437	-0.04796	1.2702
1923	-0.93665	7.7883	0.59252
1924	1.6916	-6.2003	0.97149
1925	1.1451	0.0069694	0.58739
1926	8.9087	1.1259	1.6285
1927	0.26809	-0.82732	0.19626
1928	-1.4497	-2.1092	0.99206
1929	1.1397	-0.0059551	0.58243
1930	0.71065	-0.023711	0.24229
1931	4.0739	0.54188	1.557
1932	-0.37115	0.0043714	0.068129
1933	-3.0132	-0.020284	1.9939
1934	-2.3346	1.5483	1.3189
1935	2.8143	-0.69627	1.8366
1936	1.9321	-0.077822	1.3539
1937	8.7598	-0.62991	1.7294
1938	0.65373	1.5279	0.62682
1939	-0.44627	-3.4385	1.687
1940	0.10791	0.00029261	0.0058193
1941	4.4139	0.0037502	1.2989
1942	5.0649	-0.0092255	0.66115
1943	0.40409	0.013166	0.080619
1944	-4.6025	0.005329	1.1149
1945	-5.0379	-4.0434	1.3175
1946	2.9998	3.8623	0.098263
1947	4.4264	-0.11919	1.286
1948	7.4619	-1.8617	0.91863
1949	0.79068	3.2417	1.4673
1950	-2.1205	-3.5566	0.58112
1951	-0.80487	0.0055737	0.30696
1952	7.3491	0.017594	0.5298
1953	4.647	-0.6596	1.0639
1954	0.89093	0.01326	0.37153
1955	-3.0711	0.018926	1.9998
1956	-6.8764	-7.1282	0.75743
1957	3.6999	1.7633	1.2742
1958	6.8442	-0.094927	0.1669
1959	4.3231	-2.3848	0.96234
1960	0.67646	2.7419	1.2826
1961	-3.7463	-3.1472	0.50514
1962	-1.2091	0.0078615	0.64646
1963	8.7814	0.011219	1.8193
1964	3.2904	-1.1779	1.6684
1965	0.82879	0.010614	0.32442
1966	-0.42384	-0.0136	0.088569
1967	-6.6496	-1.9885	0.85895
1968	3.5392	-1.3521	1.5353
1969	8.3126	-0.039019	1.4598
1970	0.33744	-1.6007	0.59964
1971	0.27199	1.1817	0.35426
1972	-6.3248	-1.6648	0.62747
1973	-1.3892	0.0048215	0.81992
1974	8.011	-0.0059632	1.1724
1975	2.3136	-0.75286	1.5842
1976	0.25375	0.0047345	0.032043
1977	2.2122	-0.057288	1.599
1978	-5.7202	4.6658	1.8488
1979	4.1979	-6.9231	1.1059
1980	8.0948	0.01902	1.2549
1981	-2.5037	0.39464	1.7739
1982	-0.30247	-0.43627	0.090531
1983	-6.0737	-0.93396	0.23696
1984	-1.2436	-0.00088079	0.67903
1985	4.5083	-0.035333	1.2077
1986	2.7161	-0.31829	1.8897
1987	-0.33685	-0.0019439	0.056229
1988	3.9904	-0.085507	1.6636
1989	-6.3785	8.8529	0.03457
1990	5.5218	-9.6122	0.40028
1991	6.8909	0.060624	0.19165
1992	-2.6037	1.5179	1.4121
1993	-0.72326	-1.8269	0.79453
1994	-4.7928	-0.184	0.92612
1995	-0.30381	-0.0052304	0.045825
1996	0.84436	-0.054269	0.33646
1997	2.989	0.1297	1.9865
1998	-0.63125	-0.0065105	0.19282
1999	3.7726	-0.099143	1.809
2000	-5.4395	9.6933	0.47164
