1	0	0	0
2	-275.96	-410.83	62.15
3	507.58	537.14	137.73
4	-588.33	-198.2	97.13
5	-360.04	-355.04	65.232
6	-425.2	-272.45	64.509
7	475.22	307.63	80.634
8	218.73	99.139	15.208
9	39.565	-142.17	6.7352
10	522.99	126.49	73.371
11	462.66	50.294	54.794
12	282.15	173.9	29.209
13	111.28	398.16	43.815
14	200.06	38.36	11.592
15	-489.67	567.42	140.87
16	340.76	-182.08	38.42
17	228.36	145.14	19.022
18	-142.38	430.19	51.876
19	512.13	-239.77	81.934
20	340.31	-300.66	52.281
21	0	0	0
22	-209.62	-261.39	28.505
23	422.95	533.9	117.33
24	-363.44	-179.46	41.892
25	-274.75	-335.89	48.121
26	-219.23	-220.39	24.908
27	346.05	188.13	39.366
28	381.18	77.686	38.809
29	437.04	35.892	49.981
30	215.51	121.48	16.157
31	99.335	244.17	18.735
32	-259.52	318.63	43.43
33	247.01	-151.55	22.357
34	-137.04	287.51	26.593
35	389.39	-147.14	45.237
36	310.44	-204.28	36.364
37	240	240	29.475
38	-240	-240	29.475
39	240	0	15.074
40	0	240	14.402
41	-240	0	15.074
42	0	-240	14.402
43	0	0	0
44	-123.3	-107.16	8.3342
45	186.94	373.3	44.559
46	-101.85	-152.72	9.3297
47	-151.11	-303.65	29.318
48	-33.232	-79.128	3.0426
49	178.77	28.901	9.1839
50	234.81	29.894	14.555
51	375.85	16.182	36.202
52	89.189	54.854	3.5837
53	47.941	31.099	1.1321
54	54.901	84.084	3.446
55	69.771	-77.853	3.6746
56	-98.886	94.319	5.6128
57	106.17	-3.9817	4.579
58	202.66	-87.534	13.201
59	120	120	9.0138
60	-120	-120	9.0138
61	120	0	3.7858
62	0	120	5.5996
63	-120	0	3.7858
64	0	-120	5.5996
65	0	0	0
66	-8.4967	48.338	1.045
67	-62.593	174.07	10.376
68	145.33	-65.577	7.8556
69	-30.834	-183.32	10.208
70	142.48	72.258	7.6824
71	-27.63	-124.4	5.8597
72	80.286	-26.525	2.6132
73	294.84	-2.274	22.767
74	-63.799	-7.7987	1.6247
75	-16.099	-164.66	6.9356
76	328.19	-148.77	33.466
77	-117.78	21.31	4.5558
78	-41.611	-94.236	3.0864
79	-184.69	125.46	14.041
80	56.411	52.62	1.6143
81	60	60	2.8142
82	-60	-60	2.8142
83	60	0	2.8524
84	0	60	1.8851
85	-60	0	2.8524
86	0	-60	1.8851
87	0	0	0
88	97.983	180.44	11.253
89	-269.81	-18.611	18.511
90	353.61	30.464	32.332
91	78.524	-32.805	2.4533
92	254.44	155.61	22.241
93	-203.71	-218.04	22.402
94	-66.174	-64.489	3.0877
95	107.83	-18.627	3.5607
96	-189.5	-63.965	10.832
97	-61.214	-225.15	14.585
98	480.54	-339.8	87.651
99	-217.72	92.359	14.527
100	15.224	-233.8	14.388
101	-343.18	144.96	35.411
102	-96.109	173.12	10.517
103	30	30	1.5599
104	-30	-30	1.5599
105	30	0	1.0707
106	0	30	1.9374
107	-30	0	1.0707
108	0	-30	1.9374
109	0	0	0
110	145.34	242.01	20.861
111	-319.4	-97.727	28.389
112	399.07	83.929	41.637
113	150.26	109.24	9.8593
114	234.16	159.22	21.14
115	-252.01	-209.12	28.568
116	-162.51	-70.123	8.3191
117	-63.893	-29.068	2.2968
118	-290.3	-71.599	23.074
119	-49.411	-182.13	10.56
120	219.55	-289.57	34.808
121	-248.37	124.36	21.27
122	56.314	-257.25	17.41
123	-220.59	91.467	15.468
124	-184.71	195.45	19.879
125	15	15	0.8244
126	-15	-15	0.8244
127	15	0	1.8159
128	0	15	1.4355
129	-15	0	1.8159
130	0	-15	1.4355
131	0	0	0
132	76.645	222.89	14.614
133	-113.55	-114.37	6.8738
134	271.58	61.385	20.241
135	132.86	163.43	12.567
136	98.115	99.054	6.3086
137	-190.5	-123.75	14.278
138	-123.11	-28.734	5.0803
139	-199.18	-32.337	10.982
140	-215.56	-61.542	13.881
141	-2.3067	-86.567	2.8417
142	-132.13	71.065	5.6431
143	-99.274	13.026	3.8076
144	63.585	-152.24	7.3155
145	8.7956	-7.611	1.5355
146	-158.24	78.959	8.5183
147	7.5	7.5	0.83501
148	-7.5	-7.5	0.83501
149	7.5	0	0.66743
150	0	7.5	0.45694
151	-7.5	0	0.66743
152	0	-7.5	0.45694
153	0	0	0
154	-13.324	141.81	5.3693
155	110.97	-98.926	6.8788
156	18.906	-21.272	1.9874
157	67.489	120.7	5.7332
158	-80.374	-32.477	3.0254
159	-77.273	10.306	2.6798
160	-58.41	21.868	1.695
161	-268.39	-30.724	19.037
162	16.205	-8.1208	1.8358
163	56.477	75.182	4.1781
164	-408.59	400.34	81.874
165	52.577	-123.41	6.0131
166	18.202	24.98	0.93953
167	210.81	-96.245	14.89
168	-111.23	-49.518	4.4472
169	3.75	3.75	0.283
170	-3.75	-3.75	0.283
171	3.75	0	1.8241
172	0	3.75	1.8859
173	-3.75	0	1.8241
174	0	-3.75	1.8859
175	0	0	0
176	-92.452	-6.1078	3.0606
177	223.64	-82.79	14.876
178	-211.48	-94.519	14.061
179	-6.874	20.929	1.632
180	-213.63	-145.36	18.32
181	39.299	128.06	5.4609
182	14.797	61.438	2.5242
183	-276.21	-15.582	20.112
184	206.03	40.816	12.24
185	97.918	183.76	11.472
186	-400.4	559.92	119.61
187	172.89	-195.18	18.968
188	-29.211	178.68	9.6554
189	276.4	-133.64	23.598
190	2.9039	-114.98	5.2102
191	1.875	1.875	1.0744
192	-1.875	-1.875	1.0744
193	1.875	0	1.3004
194	0	1.875	0.75835
195	-1.875	0	1.3004
196	0	-1.875	0.75835
197	0	0	0
198	-99.223	-129.4	7.8878
199	150.97	-43.524	6.3807
200	-309.1	-120.61	28.824
201	-73.154	-75.774	3.1593
202	-234.1	-238.68	28.979
203	69.272	175.22	10.063
204	61.52	65.669	3.2218
205	-238.5	-0.90718	14.447
206	287.83	65.567	23.051
207	70.718	176.75	10.085
208	-190.24	499.41	72.45
209	195.95	-241.79	25.119
210	-40.008	199.55	10.707
211	246.67	-108.61	19.169
212	128.03	-74.847	5.8657
213	0.9375	0.9375	0.53398
214	-0.9375	-0.9375	0.53398
215	0.9375	0	0.40841
216	0	0.9375	0.21202
217	-0.9375	0	0.40841
218	0	-0.9375	0.21202
219	0	0	0
220	-74.806	-174.91	10.381
221	26.425	1.6926	1.0749
222	-322.88	-117.51	30.637
223	-117.67	-129.23	8.5073
224	-146.15	-211	17.468
225	55.704	178.78	9.2801
226	84.092	31.919	2.3994
227	-81.942	10.587	2.3589
228	247.24	61.373	17.709
229	28.549	117	5.1069
230	67.53	155.69	8.1863
231	130.36	-147.36	10.665
232	-41.445	105.78	4.9075
233	132.78	-82.326	7.1652
234	187.06	21.32	9.9724
235	0.46875	0.46875	0.15654
236	-0.46875	-0.46875	0.15654
237	0.46875	0	0.10792
238	0	0.46875	0.054485
239	-0.46875	0	0.10792
240	0	-0.46875	0.054485
241	0	0	0
242	-46.286	-57.546	1.7022
243	-86.859	41.653	3.4913
244	-125.21	-35.15	4.3655
245	-106.91	-99.267	5.8492
246	-11.832	-74.665	3.0369
247	-16.181	107.91	4.5263
248	29.258	-8.6764	1.7811
249	86.997	1.3347	2.5595
250	100.36	9.9416	2.8197
251	-16.797	-13.408	0.65291
252	267.12	-157.38	24.793
253	42.972	-22.193	2.1163
254	-5.5876	-18.629	0.46389
255	-81.629	1.0237	1.9179
256	168.75	109.08	11.195
257	0.23438	0.23438	0.040695
258	-0.23438	-0.23438	0.040695
259	0.23438	0	0.027354
260	0	0.23438	0.013715
261	-0.23438	0	0.027354
262	0	-0.23438	0.013715
263	0	0	0
264	9.2777	70.096	3.0063
265	-168.14	53.61	8.7187
266	109.78	50.003	3.9521
267	-67.492	-24.103	2.2718
268	89.379	83.917	4.9034
269	-96.663	11.713	3.0599
270	-45.711	-30.83	1.6056
271	151.84	-20.614	7.0846
272	-66.563	-41.859	2.3428
273	-56.281	-128.06	6.7119
274	373.06	-364.69	69.727
275	-46.623	98.375	4.7539
276	27.414	-125.44	5.6064
277	-243.51	75.162	17.274
278	139.22	162.08	12.381
279	0.11719	0.11719	0.010273
280	-0.11719	-0.11719	0.010273
281	0.11719	0	0.006862
282	0	0.11719	0.0034347
283	-0.11719	0	0.006862
284	0	-0.11719	0.0034347
285	0	0	0
286	51.2	170.93	8.9096
287	-108.9	46.564	4.5371
288	233.83	111.01	17.964
289	24.273	59.885	2.0873
290	97.205	214.06	15.647
291	-154.73	-79.271	9.1768
292	-111.34	-37.654	4.468
293	197.83	-35.418	12.09
294	-192.25	-72.774	11.865
295	-53.572	-154.41	6.9717
296	370.94	-291.63	56.246
297	-68.904	155.68	9.216
298	40.917	-183.92	9.5595
299	-283.24	78.104	22.363
300	103.97	140.85	9.2301
301	0.058594	0.058594	0.0025746
302	-0.058594	-0.058594	0.0025746
303	0.058594	0	0.001717
304	0	0.058594	0.00085904
305	-0.058594	0	0.001717
306	0	-0.058594	0.00085904
307	0	0	0
308	61.114	176.21	9.7674
309	27.996	30.574	0.53374
310	186.77	70.353	11.092
311	94.139	109.89	6.9
312	39.786	279.8	20.475
313	-174.63	-122.18	12.355
314	-109.79	-23.928	3.8102
315	178.29	-37.654	9.3566
316	-192.88	-39.274	10.404
317	-32.769	-115.77	4.4071
318	200.93	-137.97	16.829
319	-40.668	117.54	5.0035
320	32.18	-131.53	5.3503
321	-132.92	24.888	5.3963
322	39.91	80.652	3.5538
323	0.029297	0.029297	0.00064403
324	-0.029297	-0.029297	0.00064403
325	0.029297	0	0.00042934
326	0	0.029297	0.00021478
327	-0.029297	0	0.00042934
328	0	-0.029297	0.00021478
329	0	0	0
330	52.481	103.01	3.8398
331	150.47	8.4196	5.7828
332	85.254	28.558	3.2255
333	147.99	104.78	9.4678
334	-50.312	303.07	23.815
335	-92.753	-52.374	3.7766
336	-33.36	-11.132	1.3029
337	48.48	-32.085	1.6812
338	-161.59	17.587	7.8036
339	-0.39827	-28.373	0.87872
340	-71.826	51.886	3.4461
341	-4.6086	3.6232	0.9219
342	0.35771	-10.041	0.38383
343	23.636	-31.824	1.4572
344	-19.097	9.9519	0.40909
345	0.014648	0.014648	0.00016103
346	-0.014648	-0.014648	0.00016103
347	0.014648	0	0.00010734
348	0	0.014648	5.3697e-05
349	-0.014648	0	0.00010734
350	0	-0.014648	5.3697e-05
351	0	0	0
352	-3.6056	-15.771	1.2042
353	136.71	-7.9204	5.6485
354	-53.11	-36.005	2.9349
355	178.35	70.129	10.765
356	-137.5	63.18	6.1528
357	26.275	53.224	1.4663
358	47.069	3.0655	0.99505
359	-82.35	-23.918	3.1191
360	-59.104	67.375	2.2844
361	23.102	58.795	1.6679
362	-302.92	216.27	35.761
363	28.306	-98.585	4.4577
364	-28.316	100.67	3.2563
365	159.34	-81.061	9.4465
366	-64.688	-54.616	2.9626
367	0.0073242	0.0073242	4.0259e-05
368	-0.0073242	-0.0073242	4.0259e-05
369	0.0073242	0	2.6835e-05
370	0	0.0073242	1.3424e-05
371	-0.0073242	0	2.6835e-05
372	0	-0.0073242	1.3424e-05
373	0	0	0
374	-53.606	-103.48	3.7982
375	106.17	-7.053	3.6137
376	-135.3	-91.656	7.2894
377	135.01	26.144	6.66
378	-142.75	-210.32	17.061
379	125.75	142.3	9.0241
380	115.89	15.7	4.518
381	-104.51	-11.134	3.7489
382	58.932	72.457	3.5912
383	19.04	93.319	4.2495
384	-233.26	250.01	29.759
385	39.358	-148.67	6.9032
386	-30.932	144.74	6.693
387	184.33	-91.909	11.319
388	-77.33	-74.247	3.6554
389	0.0036621	0.0036621	1.0065e-05
390	-0.0036621	-0.0036621	1.0065e-05
391	0.0036621	0	6.7089e-06
392	0	0.0036621	3.3561e-06
393	-0.0036621	0	6.7089e-06
394	0	-0.0036621	3.3561e-06
395	0	0	0
396	-62.694	-106.3	3.8432
397	13.561	5.5783	1.4323
398	-160.68	-101.93	9.1709
399	71.128	-23.898	2.2489
400	-100.17	-389.86	40.845
401	169.47	197.48	17.773
402	98.993	18.766	3.5127
403	-66.302	2.5138	1.9063
404	115.56	9.5945	5.0454
405	1.2009	67.561	2.4296
406	-104.23	132.78	8.9183
407	21.112	-96.871	3.9777
408	-22.259	90.66	3.4603
409	175.34	-66.522	10.623
410	-40.09	-59.801	2.2041
411	0.0018311	0.0018311	2.5162e-06
412	-0.0018311	-0.0018311	2.5162e-06
413	0.0018311	0	1.6772e-06
414	0	0.0018311	8.3903e-07
415	-0.0018311	0	1.6772e-06
416	0	-0.0018311	8.3903e-07
417	0	0	0
418	-29.035	-56.432	1.5779
419	-68.592	22.393	3.1612
420	-94.619	-82.978	5.4503
421	-35.557	-49.205	1.3957
422	-39.748	-310.33	25.881
423	186.56	132.81	14.449
424	38.289	15.662	1.3623
425	17.57	1.7792	0.98963
426	100.01	-54.665	3.7473
427	-19.411	8.7895	0.26923
428	25.258	-46.313	1.4616
429	-5.156	32.549	1.4945
430	4.7176	-9.1931	1.0216
431	29.83	-24.044	1.363
432	15.114	-23.925	0.90714
433	0.00091553	0.00091553	6.2906e-07
434	-0.00091553	-0.00091553	6.2906e-07
435	0.00091553	0	4.193e-07
436	0	0.00091553	2.0976e-07
437	-0.00091553	0	4.193e-07
438	0	-0.00091553	2.0976e-07
439	0	0	0
440	11.341	41.072	1.6974
441	-100.72	39.958	4.917
442	23.019	-46.465	1.7396
443	-126.11	-54.755	5.2525
444	-0.60829	-134.93	5.224
445	165.03	37.507	8.1771
446	-28.298	4.9982	0.28279
447	90.948	0.95791	3.8377
448	-13.85	-100.65	3.7137
449	-35.502	-45.3	2.3066
450	135.83	-201.84	15.637
451	-27.139	130.29	5.2091
452	26.932	-98.245	3.8064
453	-106.48	21.821	4.8604
454	60.811	21.425	1.6706
455	0.00045776	0.00045776	1.5727e-07
456	-0.00045776	-0.00045776	1.5727e-07
457	0.00045776	0	1.0483e-07
458	0	0.00045776	5.2439e-08
459	-0.00045776	0	1.0483e-07
460	0	-0.00045776	5.2439e-08
461	0	0	0
462	37.498	119.06	5.6846
463	-80.804	48.914	3.8693
464	126.47	2.1622	4.9711
465	-171.58	-47.094	8.8051
466	-4.9989	99.343	3.3532
467	120.22	-41.721	5.2744
468	-80.301	-5.5363	2.7554
469	121.12	-0.011535	4.8404
470	-139.64	-89.307	7.7212
471	-39.61	-67.392	2.2397
472	178.32	-220.98	21.657
473	-41.751	170.71	8.8677
474	35.495	-160.87	8.2533
475	-186.67	33.77	10.075
476	50.225	53.761	1.4033
477	0.00022888	0.00022888	3.9316e-08
478	-0.00022888	-0.00022888	3.9316e-08
479	0.00022888	0	2.6207e-08
480	0	0.00022888	1.311e-08
481	-0.00022888	0	2.6207e-08
482	0	-0.00022888	1.311e-08
483	0	0	0
484	38.236	150.32	6.2699
485	-30.838	34.639	0.86528
486	118.34	43.274	4.6247
487	-82.418	-33.01	3.1326
488	-20.386	285.5	21.458
489	13.216	-89.118	2.2465
490	-77.912	-7.6759	3.0631
491	48.671	-0.56125	1.6139
492	-215.85	-12.751	12.134
493	-33.57	-48.224	1.369
494	139.78	-100.26	8.4024
495	-33.974	128.46	4.6103
496	22.454	-150.32	7.5495
497	-138.7	9.011	4.9401
498	-3.3859	48.753	0.63018
499	0.00011444	0.00011444	9.8291e-09
500	-0.00011444	-0.00011444	9.8291e-09
501	0.00011444	0	6.5516e-09
502	0	0.00011444	3.2775e-09
503	-0.00011444	0	6.5516e-09
504	0	-0.00011444	3.2775e-09
505	0	0	0
506	17.29	106.51	3.8993
507	39.924	5.1355	0.86845
508	59.856	41.884	2.1105
509	41.72	-18.826	1.9923
510	-28.334	351.68	31.239
511	-84.015	-71.488	4.7054
512	-27.923	-4.2094	0.27309
513	-30.931	-0.18242	0.36182
514	-190.27	61.651	11.186
515	-9.17	-24.342	1.105
516	33.22	54.469	2.1757
517	2.625	4.3729	0.13807
518	3.0462	-115.03	5.2465
519	-18.976	-28.149	0.79837
520	-50.108	16.115	1.3084
521	5.722e-05	5.722e-05	2.4573e-09
522	-5.722e-05	-5.722e-05	2.4573e-09
523	5.722e-05	0	1.6379e-09
524	0	5.722e-05	8.1936e-10
525	-5.722e-05	0	1.6379e-09
526	0	-5.722e-05	8.1936e-10
527	0	0	0
528	-18.794	29.214	1.5363
529	85.715	-13.068	2.2624
530	-37.865	12.539	2.2341
531	99.775	-11.545	3.7437
532	-33.606	356.9	33.421
533	-119.81	22.671	5.5789
534	18.316	-1.0772	0.461
535	-91.075	0.17734	4.0653
536	-91.591	74.176	3.963
537	12.675	4.9233	1.9835
538	-69.919	144.56	7.5273
539	35.032	-108.65	4.3847
540	-16.267	-23.532	0.69898
541	97.069	-56.506	3.5529
542	-83.375	-20.808	2.7796
543	2.861e-05	2.861e-05	6.1432e-10
544	-2.861e-05	-2.861e-05	6.1432e-10
545	2.861e-05	0	4.0948e-10
546	0	2.861e-05	2.0484e-10
547	-2.861e-05	0	4.0948e-10
548	0	-2.861e-05	2.0484e-10
549	0	0	0
550	-48.285	-44.22	2.4657
551	98.955	-10.861	3.4784
552	-108.13	-19.694	3.9666
553	40.074	-3.8992	0.73751
554	-34.321	164.65	7.1166
555	-82.639	107.36	5.0881
556	40.941	1.0581	2.1486
557	-126.59	0.3559	4.4278
558	32.481	60.114	2.1211
559	28.322	30.667	0.48322
560	-121.39	134.24	9.5215
561	45.869	-131.53	5.9509
562	-20.02	65.578	2.4599
563	122.84	-70.252	6.7962
564	-67.739	-44.808	2.4621
565	1.4305e-05	1.4305e-05	1.5358e-10
566	-1.4305e-05	-1.4305e-05	1.5358e-10
567	1.4305e-05	0	1.0237e-10
568	0	1.4305e-05	5.121e-11
569	-1.4305e-05	0	1.0237e-10
570	0	-1.4305e-05	5.121e-11
571	0	0	0
572	-54.768	-77.147	3.1515
573	63.097	11.073	2.0024
574	-75.324	-50.609	3.3934
575	-14.75	4.2114	0.49123
576	-19.744	-81.221	2.3496
577	-6.3571	163.23	8.3523
578	17.886	1.5201	0.80891
579	-73.983	0.11022	2.2138
580	130.4	-15.15	5.3162
581	24.432	40.553	2.264
582	-140.89	8.7789	6.8674
583	42.082	-142.1	6.8145
584	-11.458	106.13	3.4299
585	38.909	-50.791	2.0983
586	-23.396	-30.357	1.2246
587	0	0	0
588	-40.852	-98.659	4.6483
589	-2.1655	35.792	1.873
590	2.5996	-68.61	2.0253
591	-56.779	9.5295	0.95431
592	1.5424	-261.81	18.165
593	73.958	98.926	4.7269
594	-23.784	0.92187	0.96677
595	21.895	-0.18089	2.1071
596	108.26	-82.269	5.6287
597	-7.1045	33.242	1.3272
598	-57.674	-104.25	4.5959
599	16.947	-43.657	1.8269
600	0.71181	62.843	1.3071
601	-63.422	-17.061	1.3501
602	19.629	0.579	0.44405
603	0	0	0
604	-2.1383	-74.212	2.0571
605	-54.19	46.874	2.1717
606	78.528	-69.832	4.3928
607	-81.082	7.8907	2.0295
608	17.611	-340.36	30.147
609	114.37	-6.9943	4.2145
610	-59.371	-2.1473	1.9321
611	76.758	-0.42169	2.2726
612	4.0344	-127.8	4.6224
613	-35.543	24.63	1.5432
614	53.071	-133.64	7.0842
615	-10.472	62.736	2.4762
616	11.426	-21.208	1.4608
617	-142.8	16.666	6.271
618	50.413	29.052	1.9672
619	0	0	0
620	31.212	33.946	1.1133
621	-48.205	30.644	1.3693
622	87.397	-53.492	2.7883
623	-79.054	2.9294	2.1466
624	15.698	-316.75	25.54
625	115.45	-83.358	5.5542
626	-88.917	-4.6111	3.5573
627	78.695	-0.47667	3.4807
628	-97.692	-113.06	6.4217
629	-43.501	2.8801	1.8732
630	119.99	-121.3	8.7577
631	-28.199	120.32	3.8533
632	16.373	-90.339	3.5004
633	-174.91	29.912	9.2239
634	50.58	40.326	2.9696
635	0	0	0
636	31.178	127.01	5.5398
637	-31.996	1.3568	0.77622
638	81.5	-26.146	1.9114
639	-58.999	-1.0609	2.434
640	1.8719	-180.32	9.0503
641	102.55	-105.14	6.6046
642	-85.867	-6.4882	2.7913
643	12.64	-0.30511	0.065775
644	-159.57	-4.7463	6.5931
645	-25.352	-16.215	0.78411
646	107.12	-65.95	5.7975
647	-21.925	153.85	6.6457
648	20.609	-115.11	4.5991
649	-99.377	21.854	3.9803
650	30.117	28.692	1.3972
651	0	0	0
652	11.44	147.28	6.8389
653	0.72826	-15.499	1.0872
654	25.058	6.894	1.0076
655	-11.028	-2.0652	1.0279
656	-11.726	-37.771	1.394
657	43.945	-87.069	3.077
658	-54.121	-5.391	1.1472
659	-46.675	-0.069878	2.4443
660	-117.54	92.27	6.3869
661	2.435	-20.664	0.76095
662	68.302	-0.68776	1.5589
663	-2.0689	68.145	1.9291
664	9.4055	-97.96	4.4092
665	3.5083	-10.029	1.6731
666	-15.328	8.9613	2.0062
667	0	0	0
668	-9.7404	88.587	3.919
669	41.333	-24.218	1.4386
670	-32.998	35.088	1.5908
671	34.989	-0.2356	2.2019
672	-22.932	97.118	4.022
673	-32.98	4.9784	1.2847
674	-7.5281	-3.9124	1.3159
675	-62.975	0.093458	1.0038
676	-31.921	126.88	5.441
677	23.949	-8.0158	0.85136
678	-3.2329	41.666	1.0646
679	17.669	-36.966	1.2162
680	-3.562	-53.666	2.608
681	88.695	-37.764	3.3227
682	-51.126	-10.471	1.3974
683	0	0	0
684	-25.696	1.5354	0.77151
685	72.071	-2.1398	2.3564
686	-53.473	33.602	2.1936
687	42.392	1.8411	1.4553
688	-23.783	128.35	5.4658
689	-97.692	86.992	5.5152
690	28.687	-2.1454	1.2562
691	-58.276	0.1427	2.0043
692	52.437	46.569	2.2621
693	28.578	7.7961	1.9042
694	-65.981	64.472	3.092
695	25.474	-106.16	3.0879
696	-12.729	28.518	0.99512
697	128.15	-42.606	5.7799
698	-75.515	-22.529	3.5213
699	0	0	0
700	-27.441	-76.713	2.2095
701	79.16	19.963	2.6835
702	-64.073	22.887	2.4451
703	47.336	4.2996	0.59221
704	-20.312	81.512	2.7139
705	-101.85	131.01	7.8935
706	41.702	0.094244	2.0848
707	-29.59	0.019956	1.4712
708	91.692	-56.398	3.4203
709	22.108	19.693	1.4282
710	-85.881	48.708	2.9495
711	16.025	-99.025	4.1016
712	-14.089	91.569	3.1623
713	87.017	-45.174	2.8989
714	-81.741	-19.936	2.7298
715	0	0	0
716	-26.909	-105.91	4.1631
717	45.713	38.45	1.8177
718	-38.277	5.8386	1.8365
719	2.9987	5.9945	0.55974
720	-9.1197	-34.93	2.1915
721	-73.094	154.56	7.7809
722	35.053	1.1259	1.9228
723	0.95298	-0.10838	0.42267
724	90.919	-137.63	6.822
725	6.2784	17.691	0.089722
726	-65.675	8.513	3.0192
727	4.5953	-42.479	1.4787
728	-8.7431	68.898	2.224
729	11.35	-34.546	1.0664
730	-39.569	-14.666	1.2728
731	0	0	0
732	-20.525	-64.591	2.1359
733	2.7341	40.456	0.54313
734	19.759	-11.105	1.1273
735	-37.772	5.5566	2.0681
736	3.4645	-130.83	5.1245
737	-10.225	62.797	2.6475
738	11.377	0.69175	0.70418
739	30.337	-0.18507	0.76148
740	31.334	-131.86	5.0602
741	-9.4715	8.0695	1.8758
742	-9.1878	-17.424	2.0399
743	-6.185	34.323	0.65706
744	-1.7232	37.611	1.3709
745	-62.322	-21.547	2.8643
746	3.3192	3.2438	0.35422
747	0	0	0
748	-13.11	7.6546	0.50621
749	-26.745	38.364	1.5297
750	67.188	-19.202	2.4057
751	-64.826	4.0543	1.6593
752	10.311	-163.45	7.2066
753	43.641	-24.948	1.2979
754	-18.352	-0.15714	0.21106
755	50.564	-0.24253	0.69748
756	-64.481	-24.635	2.2021
757	-16.926	1.279	1.2857
758	45.41	-15.329	1.5964
759	-9.7337	74.566	1.6737
760	4.7386	-2.6753	1.0157
761	-88.465	-2.2004	2.9447
762	40.006	18.22	2.1214
763	0	0	0
764	-2.6371	71.749	3.0697
765	-21.709	21.207	0.50356
766	66.776	-20.282	2.0765
767	-55.671	1.0396	1.3012
768	9.2569	-141.16	6.748
769	67.233	-88.538	4.3881
770	-42.604	-0.88677	1.2993
771	35.383	-0.26797	1.9793
772	-129.54	80.529	7.5039
773	-6.9654	-1.2415	0.5167
774	51.784	16.798	1.7003
775	-8.2052	73.454	2.3302
776	7.4704	-38.595	1.5936
777	-86.823	14.861	3.1345
778	58.145	18.938	1.952
779	0	0	0
780	6.9853	72.809	2.0737
781	-15.726	-2.6614	0.75752
782	42.956	-6.1193	1.6653
783	-19.06	-0.44405	0.16078
784	-0.73459	-66.105	2.7815
785	69.397	-70.469	2.575
786	-43.245	-1.0337	0.91665
787	6.6686	-0.2694	0.10125
788	-110.78	118.55	7.2129
789	9.9746	0.85627	1.7261
790	36.144	44.004	1.7958
791	-3.1842	42.598	1.7285
792	3.1968	-41.385	0.88242
793	-61.877	13.14	2.5727
794	43.128	9.403	0.87398
795	0	0	0
796	4.6597	59.706	1.8865
797	-3.0927	-18.725	1.8702
798	-0.4357	14.429	1.6979
799	14.891	-1.5463	1.3704
800	-12.914	18.822	0.43771
801	42.569	-13.784	1.6496
802	-20.909	-0.86966	1.4933
803	-19.121	-0.20377	0.13808
804	-47.896	82.031	3.3378
805	23.222	7.5729	1.3488
806	2.2014	57.723	1.2447
807	2.7625	-8.3335	1.8783
808	-2.9807	-26.66	2.167
809	7.5597	-4.1812	1.3037
810	13.953	-3.7148	1.2117
811	0	0	0
812	-1.3713	37.713	1.3488
813	3.1465	-11.468	0.78325
814	-35.798	28.833	1.5387
815	24.245	-1.6442	0.89701
816	-20.162	92.946	3.5085
817	3.4806	44.508	2.4399
818	9.623	-0.40862	1.963
819	-26.632	-0.12145	1.1059
820	12.883	-7.761	0.39125
821	18.531	15.071	1.4581
822	-30.9	45.288	1.0372
823	7.0359	-45.061	0.86179
824	-7.325	-4.3916	1.5225
825	63.874	-29.236	2.3599
826	-17.467	-13.905	1.2969
827	0	0	0
828	-8.6278	-4.8564	0.35531
829	-3.7962	5.5138	0.43469
830	-42.497	30.595	1.7657
831	6.7007	-1.499	0.56487
832	-20.339	128.35	5.2983
833	-33.308	69.532	2.6294
834	29.846	0.27502	1.2222
835	-2.3573	-0.035052	1.7091
836	60.724	-86.736	3.8389
837	6.329	16.046	0.73128
838	-45.361	18.694	1.4502
839	8.4521	-54.615	2.1049
840	-8.1018	15.435	1.056
841	81	-49.26	3.9944
842	-36.695	-17.5	0.88636
843	0	0	0
844	-14.586	-42.084	1.4582
845	-8.3367	20.339	1.0084
846	1.5171	25.214	1.1315
847	-13.928	-0.75149	0.86986
848	-16.684	144.01	6.4055
849	-61.324	44.057	2.3644
850	31.376	0.81158	0.40714
851	24.482	-0.041774	0.35484
852	76.866	-114.21	5.6761
853	-5.4384	11.681	1.3034
854	-33.525	5.4288	0.89528
855	7.3878	-42.261	1.4431
856	-5.065	25.688	0.90403
857	34.115	-37.571	1.7671
858	-29.55	-7.4305	1.3821
859	0	0	0
860	-17.561	-54.972	1.7246
861	-8.4037	19.791	1.1898
862	50.372	7.4791	1.1066
863	-32.265	-0.0065735	0.59922
864	-9.792	57.915	0.93495
865	-52.188	-13.425	1.3818
866	10.1	0.52919	1.7523
867	40.24	-0.1408	2.2256
868	45.138	-93.817	4.0861
869	-11.4	3.7709	1.3861
870	-21.859	-8.5488	2.1011
871	4.0239	-5.2923	0.48689
872	-0.9485	12.697	1.5662
873	-45.391	-16.886	1.4557
874	-10.118	3.5185	0.41797
875	0	0	0
876	-14.194	-45.216	1.6098
877	-7.9114	6.1914	1.0064
878	85.396	-9.7707	3.5279
879	-41.806	0.49225	1.972
880	-3.9994	-45.27	2.0581
881	-35.094	-56.611	1.5169
882	-23.63	0.033546	1.0718
883	27.705	-0.19488	2.0262
884	-12.556	-54.074	0.91127
885	-9.1969	1.8207	1.2943
886	-4.2676	-17.548	1.5065
887	0.70425	29.086	1.3231
888	2.8775	-8.7751	1.9837
889	-91.825	4.2019	2.371
890	11.615	11.55	1.2459
891	0	0	0
892	-9.1533	-0.52068	1.9198
893	-3.6584	-8.8258	1.8914
894	106.14	-22.813	4.6574
895	-23.395	0.82635	1.2756
896	1.8246	-109.59	3.8778
897	-16.238	-62.892	2.8163
898	-47.919	-0.44194	2.2406
899	3.4923	-0.22471	1.9304
900	-48.876	15.893	1.617
901	3.4479	6.5894	0.96334
902	11.214	-12.465	1.2481
903	-2.1632	49.019	1.0466
904	5.0033	-25.361	0.99255
905	-83.411	10.342	2.8474
906	24.097	11.078	1.1653
907	0	0	0
908	-0.34417	38.267	1.6934
909	0.68181	-20.782	1.5192
910	61.689	-20.711	2.2604
911	3.3126	0.89067	1.7993
912	0.40323	-94.643	3.7747
913	-2.6343	-46.255	1.7777
914	-49.5	-0.55574	0.9463
915	-15.182	-0.23986	1.9099
916	-55.666	67.173	3.4934
917	14.253	11.244	1.0712
918	16.781	3.9879	0.6217
919	-2.6823	20.657	0.70316
920	3.6291	-22.432	0.25601
921	-26.924	-3.1838	1.0462
922	21.508	8.6437	2.007
923	0	0	0
924	6.0668	45.404	0.77091
925	4.3761	-19.419	1.2292
926	-12.621	-9.4929	0.15448
927	15.529	0.67254	1.9353
928	-2.4052	-24.995	1.4428
929	10.451	1.3935	1.3142
930	-29.05	-0.50201	1.8803
931	-29.296	-0.15775	1.7336
932	-43.118	47.785	2.5022
933	17.227	12.524	1.0694
934	21.019	17.23	1.7075
935	-0.50039	-19.748	0.94654
936	2.0907	-13.226	0.54938
937	36.771	-15.965	1.2283
938	5.2096	0.44335	0.55312
939	0	0	0
940	7.679	20.059	1.1235
941	6.0727	-13.03	2.0079
942	-74.806	0.75467	1.685
943	19.456	0.25218	0.28615
944	-4.3393	62.782	2.3242
945	12.573	44.751	0.56595
946	-1.8471	-0.26221	1.269
947	-17.823	-0.054789	0.56174
948	-7.4703	-7.3202	0.85987
949	14.196	11.265	1.0756
950	18.902	18.661	0.36883
951	2.3051	-48.408	0.95281
952	0.57894	-8.9874	0.1854
953	65.476	-25.177	2.6702
954	-10.597	-6.3796	0.96064
955	0	0	0
956	1.1687	-11.74	1.2042
957	1.6767	-0.80974	1.0897
958	-99.644	7.8695	3.0224
959	9.5298	-0.34683	1.9875
960	-8.7542	124.14	5.6421
961	9.8664	80.739	3.4282
962	19.034	0.044709	0.10808
963	-3.9576	0.0074268	1.689
964	30.755	-53.805	1.2177
965	2.4036	10.067	1.5232
966	12.187	11.689	1.4429
967	3.7322	-40.851	0.74055
968	-0.85577	-3.492	1.5162
969	54.37	-28.273	2.1761
970	-18.928	-10.671	0.81516
971	0	0	0
972	-7.3252	-36.29	0.90702
973	-3.274	10.253	1.5918
974	-62.416	6.755	1.9268
975	-6.3162	-0.82577	0.17628
976	-12.605	127.6	5.7496
977	6.2207	62.042	0.98016
978	32.2	0.30657	0.5677
979	11.226	-0.061616	0.80328
980	50.8	-74.732	3.7688
981	-6.9856	9.2383	0.29385
982	7.4296	4.9198	1.4084
983	3.0947	-12.888	0.093203
984	-1.5627	2.3957	1.003
985	12.47	-25.081	0.75767
986	-8.4619	-11.752	0.80106
987	0	0	0
988	-12.658	-32.004	2.0954
989	-6.879	16.836	0.42949
990	-8.3325	-2.8029	0.83527
991	-21.956	-0.96224	1.8976
992	-12.196	96.223	2.9086
993	2.8458	32.66	0.83729
994	39.596	0.48477	1.694
995	23.258	-0.18142	1.4319
996	39.332	-45.722	1.947
997	-12.11	9.9002	0.38487
998	6.5425	0.52299	0.10955
999	1.051	15.744	0.99428
1000	-1.2394	4.6653	1.3271
1001	-30.644	-11.632	1.5282
1002	8.3638	-9.343	1.5021
1003	0	0	0
1004	-10.506	-23.399	0.84973
1005	-9.4886	14.273	0.28994
1006	39.261	-12.019	1.4269
1007	-30.457	-0.84953	0.75803
1008	-6.4822	30.241	2.0439
1009	2.501	-2.8207	0.6739
1010	35.997	0.32753	1.451
1011	27.111	-0.27512	1.5725
1012	6.2913	5.0536	1.9244
1013	-10.13	8.0564	1.6759
1014	2.9143	-3.4112	0.27869
1015	-0.41562	32.787	1.6064
1016	0.11501	6.2248	1.3135
1017	-41.711	-0.64981	2.0125
1018	20.224	0.057431	0.90726
1019	0	0	0
1020	-3.9809	-2.7203	0.77506
1021	-9.8382	11.171	1.0141
1022	41.204	-15.406	1.3884
1023	-29.93	-0.22001	1.1405
1024	-1.7925	-40.132	1.1847
1025	6.1938	-15.964	0.78602
1026	8.8996	0.13867	1.8809
1027	15.933	-0.27995	2.0191
1028	-23.804	43.008	1.4753
1029	-0.21671	9.5262	0.14452
1030	-0.23851	-4.489	1.9762
1031	-0.021183	14.975	1.4513
1032	1.5052	5.3146	1.0611
1033	-30.756	-0.75517	0.55668
1034	26.443	9.1451	0.9422
1035	0	0	0
1036	1.7823	15.779	1.0969
1037	-7.0782	8.442	0.36423
1038	30.918	-16.236	0.89506
1039	-23.069	0.33832	1.5928
1040	2.1621	-75.564	1.8714
1041	9.7722	-20.27	0.94348
1042	-12.967	-0.076161	0.12262
1043	-1.3511	-0.23829	0.78564
1044	-37.717	65.407	3.0667
1045	11.3	11.719	1.1918
1046	-1.887	-2.8194	0.87528
1047	1.6635	-12.521	0.96201
1048	1.9704	-0.9255	1.3099
1049	-7.7267	-0.5997	0.89931
1050	15.547	13.156	0.12389
1051	0	0	0
1052	3.0722	14.632	0.45299
1053	-1.9152	4.6313	0.67163
1054	4.1028	-10.759	1.1728
1055	-6.913	0.71873	0.30605
1056	1.4086	-49.542	1.7578
1057	10.574	-7.8983	1.3569
1058	-22.448	-0.18493	2.0157
1059	-13.499	-0.21969	0.45711
1060	-14.394	21.914	0.92389
1061	17.003	12.039	0.94169
1062	-2.6751	0.4525	1.8497
1063	3.1337	-32.759	0.88316
1064	1.4659	-10.135	0.95978
1065	2.3691	-0.46231	1.6797
1066	5.7862	12.915	1.8918
1067	0	0	0
1068	-1.4543	6.2537	1.0436
1069	2.8388	4.684	0.06684
1070	-24.466	-0.56913	0.42659
1071	8.9125	0.5753	1.8204
1072	-5.4525	13.018	1.708
1073	10.628	27.884	1.4549
1074	-0.58771	-0.23118	0.17898
1075	-22.627	-0.18094	1.926
1076	19.025	-32.575	1.8516
1077	14.384	9.6562	1.2837
1078	0.28298	3.2814	1.6569
1079	3.8179	-42.563	1.6504
1080	0.32166	-16.355	0.55589
1081	-3.6073	-0.3571	1.8685
1082	0.95265	11.724	1.2794
1083	0	0	0
1084	-5.7734	-7.8587	0.37117
1085	5.8719	3.5261	1.7424
1086	-41.702	4.3106	0.79053
1087	16.014	-0.22869	2.0052
1088	-12.693	66.845	3.1393
1089	6.5076	54.759	1.251
1090	28.407	-0.24659	2.1779
1091	-25.088	-0.11642	0.16173
1092	45.352	-60.006	2.4106
1093	8.6475	5.2035	0.41331
1094	3.3455	4.4	0.028814
1095	3.3003	-27.544	1.9921
1096	-0.72251	-14.797	1.4355
1097	-19.796	-0.22994	0.5214
1098	-1.9015	8.9021	1.3454
1099	0	0	0
1100	-10.706	-19.578	1.2072
1101	4.9506	2.2492	1.012
1102	-41.01	2.3073	1.362
1103	-0.59771	-0.86737	0.32431
1104	-18.721	98.375	2.6124
1105	2.6984	68.426	1.8968
1106	45.679	-0.19663	1.6456
1107	-6.5171	-0.1112	0.040859
1108	44.472	-60.017	2.3711
1109	-0.28618	5.9399	1.479
1110	4.9785	3.4289	1.2073
1111	2.5173	-2.7211	0.7227
1112	-1.5826	-4.1024	0.9934
1113	-30.308	-0.069328	0.78391
1114	0.57241	4.4246	1.8455
1115	0	0	0
1116	-13.08	-19.485	0.83152
1117	0.78348	1.6654	0.72939
1118	-22.13	-1.6553	1.5091
1119	-21.429	-0.95322	1.776
1120	-12.829	73.265	2.3537
1121	-0.0017847	48.167	2.4585
1122	51.251	-0.036318	1.1046
1123	13.129	-0.097677	0.19934
1124	9.2339	-31.24	0.28824
1125	-4.9757	5.6099	1.1906
1126	4.3174	1.4325	1.2089
1127	1.2166	18.106	0.74511
1128	-0.78206	5.7534	1.4345
1129	-34.674	0.038481	2.2935
1130	4.602	2.1363	1.0131
1131	0	0	0
1132	-11.931	-10.307	0.63051
1133	-2.4658	1.0736	1.5678
1134	-1.0188	-7.63	0.6839
1135	-37.561	-0.47145	0.41681
1136	-3.7068	20.382	0.87797
1137	0.039839	27.134	0.24099
1138	37.06	0.14114	0.54454
1139	18.523	-0.043144	0.13913
1140	-24.859	-2.5563	1.3819
1141	-7.0777	6.4984	1.1051
1142	1.8512	0.14676	1.2761
1143	0.12546	18.576	0.25025
1144	0.62942	5.2055	1.7005
1145	-20.359	0.034499	1.042
1146	12.249	2.1933	1.0198
1147	0	0	0
1148	-7.2602	3.5834	1.4757
1149	-2.6614	0.89085	1.7187
1150	14.329	-13.153	0.90534
1151	-39.811	0.18803	1.9064
1152	2.6197	-29.972	0.62114
1153	0.073393	-3.502	1.7877
1154	16.784	0.26555	1.5371
1155	13.623	0.0087944	0.55467
1156	-48.156	14.157	1.2023
1157	-2.4101	6.1412	0.74184
1158	-0.72989	-0.15369	0.25929
1159	0.025303	5.9425	1.4972
1160	1.6976	-1.4458	1.0672
1161	-3.9443	0.016906	1.6986
1162	17.38	3.2953	1.1475
1163	0	0	0
1164	-0.37168	12.507	1.8181
1165	0.45253	1.162	0.38795
1166	17.019	-14.933	1.0195
1167	-31.646	0.5479	0.34895
1168	1.5994	-56.315	1.7785
1169	0.058744	-23.534	1.7326
1170	-6.3523	0.31742	0.037527
1171	3.0223	-0.00095469	1.9952
1172	-58.579	19.962	1.9673
1173	3.2572	5.8406	0.4648
1174	-2.9063	1.7802	1.3014
1175	0.30378	-14.941	1.4542
1176	1.5739	-6.74	1.0121
1177	8.5849	-0.10148	1.6843
1178	18.056	4.4061	1.7872
1179	0	0	0
1180	3.4761	7.5911	1.5931
1181	3.432	2.7574	0.65034
1182	9.5843	-12.216	0.36311
1183	-15.735	0.72054	1.9347
1184	-0.24615	-69.602	1.7283
1185	0.02258	-24.908	0.82753
1186	-26.714	0.32695	1.1883
1187	-8.8829	-0.052706	1.8759
1188	-40.224	2.162	1.4399
1189	8.3534	8.2607	1.4674
1190	-2.185	3.2308	0.62653
1191	1.8293	-27.354	1.4131
1192	0.97273	-11.147	1.0472
1193	8.5492	-0.22516	1.6508
1194	14.067	6.7579	1.0562
1195	0	0	0
1196	1.3758	-2.7242	1.0698
1197	5.2779	3.1464	1.3355
1198	-5.2627	-9.4505	0.54744
1199	5.3378	0.57178	0.46894
1200	-4.6326	-71.438	2.3585
1201	-0.0059786	-3.9886	1.9528
1202	-41.405	0.24832	2.2607
1203	-15.809	-0.11433	2.0542
1204	-1.3594	-29.055	1.2375
1205	11.563	10.5	0.83712
1206	0.20381	4.0318	1.9423
1207	3.2433	-24.275	1.0373
1208	0.056411	-13.266	2.0414
1209	-0.94217	-0.32948	0.4281
1210	8.6391	7.9007	1.5765
1211	0	0	0
1212	-0.78253	-12.619	1.6616
1213	3.7155	3.1575	0.4898
1214	-19.221	-5.6679	1.7039
1215	22.67	0.21632	1.8976
1216	-10.77	-42.928	1.5988
1217	-0.009714	29.408	1.5818
1218	-48.079	0.076609	2.1548
1219	-13.932	-0.12613	0.84514
1220	33.892	-52.859	2.7318
1221	13.548	11.907	1.3792
1222	2.6486	3.3188	0.38752
1223	2.9545	-14.72	0.51232
1224	-0.52035	-11.717	1.3973
1225	-9.0432	-0.28924	1.9292
1226	1.8604	8.131	1.2633
1227	0	0	0
1228	-3.8284	-18.927	1.6225
1229	0.64703	2.6957	1.2645
1230	-25.193	-1.7131	0.80826
1231	9.8906	-0.16569	1.9118
1232	-12.639	14.834	1.5786
1233	0.011307	56.889	2.6261
1234	-27.99	-0.045103	2.1553
1235	-3.845	-0.098422	1.7645
1236	46.989	-54.91	2.7305
1237	10.293	8.5382	1.6711
1238	4.6023	2.5695	0.98019
1239	2.3368	-3.2903	0.52858
1240	-0.73033	-9.8802	0.4563
1241	-10.165	-0.22397	1.7548
1242	-4.0908	7.7983	1.4379
1243	0	0	0
1244	-7.6181	-16.851	0.89963
1245	-1.5377	1.9998	0.99643
1246	-19.915	1.7975	0.95709
1247	-3.697	-0.58871	1.7806
1248	-12.768	60.872	1.3887
1249	0.028675	52.925	0.73844
1250	-0.5552	-0.040626	0.15064
1251	4.2088	-0.059995	1.4866
1252	57.752	-32.841	2.223
1253	2.9211	6.2457	0.72725
1254	5.6636	2.0692	0.92163
1255	1.1446	4.8984	1.3985
1256	-0.48473	-3.5198	1.7061
1257	-6.4476	-0.17524	0.031443
1258	-1.1237	8.9279	0.58805
1259	0	0	0
1260	-8.0628	-10.054	1.182
1261	-2.9369	1.5379	1.4578
1262	-12.501	3.9072	1.97
1263	-15.231	-0.74231	1.8269
1264	-6.7474	87.255	2.5358
1265	0.035749	21.951	2.1026
1266	21.494	-0.034209	1.9943
1267	9.0416	-0.024993	1.9478
1268	43.687	0.62135	0.61149
1269	-3.8732	8.0142	1.627
1270	3.1872	1.5387	1.4669
1271	0.24755	4.0515	1.9367
1272	0.18886	1.815	0.72243
1273	-2.6654	-0.1086	1.8879
1274	4.7829	7.1839	0.99331
1275	0	0	0
1276	-7.5953	-2.281	1.0265
1277	-3.4883	1.3047	1.5713
1278	-1.3231	1.9099	0.94778
1279	-22.92	-0.51245	1.6915
1280	-1.3285	59.384	1.98
1281	0.031726	-9.1425	0.03782
1282	29.589	0.075663	1.4716
1283	8.3442	0.0079485	1.4882
1284	-3.7655	14.944	0.72218
1285	-6.7546	10.147	0.47761
1286	-0.17436	1.2302	0.36522
1287	0.43708	-6.0644	1.3821
1288	0.78963	6.156	1.2573
1289	0.34538	-0.020731	0.059184
1290	9.4364	7.8177	1.7656
1291	0	0	0
1292	-3.6554	4.1426	0.15631
1293	-1.4469	1.7308	0.95925
1294	4.2792	-4.2554	0.59302
1295	-27.552	-0.21596	1.9317
1296	-1.44	9.4652	0.90329
1297	0.02553	-32.366	1.8873
1298	7.0448	0.20378	0.29618
1299	0.11689	-0.015064	0.006884
1300	-38.881	18.608	1.1497
1301	-3.3411	10.337	1.5374
1302	-1.3124	1.2122	0.83356
1303	0.95571	-16.804	0.62368
1304	1.045	0.19962	0.50334
1305	2.139	-5.0045e-05	1.5393
1306	11.395	7.6608	0.79544
1307	0	0	0
1308	0.49383	9.6888	0.28119
1309	0.71837	2.2381	1.0103
1310	0.35308	-10.407	0.58136
1311	-23.929	0.063293	0.78469
1312	-4.6485	-38.725	1.3402
1313	0.017379	-27.656	0.43058
1314	-17.047	0.29654	1.2975
1315	-7.1723	-0.03149	0.38289
1316	-42.714	8.9382	1.178
1317	2.784	13.08	0.12237
1318	-0.79819	1.4297	0.62999
1319	2.3601	-18.66	1.6627
1320	0.85247	-7.9717	0.4907
1321	0.5768	-0.019763	0.16195
1322	12.762	6.8528	0.92213
1323	0	0	0
1324	3.6884	14.529	0.49172
1325	2.5474	2.2924	0.96141
1326	-3.7059	-13.585	0.21844
1327	-11.784	0.11908	0.32784
1328	-9.4092	-60.94	2.579
1329	0.011123	-7.9997	0.20598
1330	-31.775	0.37149	0.34825
1331	-8.8228	-0.035938	1.8434
1332	-28	-7.0985	1.4995
1333	8.4205	10.274	1.3423
1334	0.46886	1.7901	0.73299
1335	3.1505	-10.661	1.3409
1336	0.29933	-14.863	1.5015
1337	-2.4393	-0.061729	1.7641
1338	12.528	7.3427	0.59154
1339	0	0	0
1340	4.0501	10.602	1.2472
1341	4.2625	1.9508	1.0882
1342	-8.7093	-11.385	0.90423
1343	0.59717	-0.057808	0.17385
1344	-11.952	-51.943	1.2481
1345	0.0074244	9.6668	0.17204
1346	-25.406	0.40082	0.23683
1347	-6.9533	-0.019613	0.22839
1348	-4.8356	-25.407	1.0893
1349	11.477	8.0822	0.6588
1350	2.4886	2.5905	0.7983
1351	3.6947	-0.86312	1.7009
1352	-0.18943	-11.995	1.6128
1353	-5.4249	-0.091011	0.35497
1354	6.168	6.9147	0.84652
1355	0	0	0
1356	2.0276	1.7069	1.1587
1357	4.7724	1.3503	0.97152
1358	-11.747	-7.0759	0.85107
1359	2.3825	-0.28098	1.7126
1360	-11.729	-27.326	0.62527
1361	0.0065478	15.488	1.104
1362	-11.317	0.25711	0.72134
1363	-0.95124	-0.0011211	0.41956
1364	17.577	-43.966	1.2823
1365	11.58	8.9214	0.50192
1366	3.9111	3.4503	0.45829
1367	3.8593	4.4539	0.25537
1368	-0.2834	-3.713	1.8385
1369	-7.2391	-0.14803	0.43939
1370	0.43574	7.3819	0.57318
1371	0	0	0
1372	-0.71147	-6.7327	0.97486
1373	2.5275	2.193	1.0193
1374	-12.47	-3.0215	1.5747
1375	-6.6159	-0.43701	0.11061
1376	-10.912	22.262	1.0698
1377	0.0077236	11.502	1.3083
1378	4.5612	0.078914	1.1556
1379	4.647	0.011404	1.0708
1380	34.959	-53.694	2.9139
1381	5.1784	11.354	1.117
1382	4.022	2.9043	0.71045
1383	2.1173	1.9818	1.0897
1384	0.083994	3.5103	1.7906
1385	-7.6991	-0.20219	0.8621
1386	1.6856	5.1466	0.90664
1387	0	0	0
1388	-4.2223	-9.8062	1.403
1389	-0.19566	2.8724	1.4378
1390	-9.26	0.28876	1.9874
1391	-13.19	-0.51601	0.28519
1392	-4.841	57.058	1.9326
1393	0.012559	3.2261	1.6547
1394	16.166	-0.07844	1.9611
1395	8.5318	0.0073338	1.6453
1396	30.532	-55.071	1.7863
1397	-1.4005	13.328	1.2144
1398	3.4795	2.5728	0.7727
1399	0.20054	-4.8962	1.9361
1400	0.38549	8.1249	0.22082
1401	-7.2369	-0.15258	0.43784
1402	8.0921	5.3054	0.83002
1403	0	0	0
1404	-6.0908	-6.8261	0.90892
1405	-2.5465	3.222	0.46598
1406	-6.776	1.9588	0.84976
1407	-16.221	-0.56938	1.8676
1408	-2.1037	70.26	2.6589
1409	0.018764	-7.7711	0.31009
1410	17.556	-0.022811	0.80325
1411	8.798	0.00055989	1.8293
1412	15.472	-17.529	2.0948
1413	-5.4521	9.9499	0.54013
1414	2.6376	2.3996	0.89316
1415	-0.38424	-13.202	1.967
1416	0.65755	7.6324	0.5142
1417	-2.9406	-0.047879	1.9815
1418	13.406	5.2624	1.6103
1419	0	0	0
1420	-4.4053	2.1839	1.0141
1421	-2.8779	3.933	0.10257
1422	-3.748	0.54704	1.7646
1423	-10.375	-0.30283	1.5955
1424	-0.30625	53.285	0.75659
1425	0.028828	-14.827	1.5441
1426	-0.37045	0.1513	0.073205
1427	4.5515	-0.010413	1.1654
1428	-2.3954	14.646	0.61708
1429	-6.2822	5.3743	1.8079
1430	1.4095	1.5607	0.92877
1431	-0.59993	-15.57	1.0488
1432	0.86027	4.6387	1.6516
1433	1.8781	0.029747	1.3033
1434	15.442	5.9141	0.58019
1435	0	0	0
1436	-1.9834	9.5083	1.3864
1437	-1.0115	2.889	1.2436
1438	-5.336	-4.3481	1.5945
1439	-2.4729	-0.106	1.7839
1440	0.66511	8.1848	0.32469
1441	0.029857	-18.514	0.22088
1442	-16.612	0.30419	1.673
1443	0.10958	-0.020274	0.0061034
1444	-17.543	38.868	1.6385
1445	-0.94759	4.9001	1.5596
1446	0.47833	1.9033	0.80291
1447	-0.70491	-13.209	1.8027
1448	0.93156	-5.7348	1.3729
1449	2.6782	0.051816	1.8958
1450	11.432	8.5439	0.64088
1451	0	0	0
1452	0.56573	13.979	1.8054
1453	2.203	1.2746	1.3683
1454	-7.0199	-7.0852	0.80769
1455	5.4005	0.00030543	0.3722
1456	1.5104	-32.388	1.2998
1457	0.03037	-18.318	0.15805
1458	-20	0.44054	0.71129
1459	-3.8439	-0.028577	1.7669
1460	-23.725	15.896	1.1646
1461	4.4119	7.5657	1.1953
1462	-0.11042	2.9108	1.4677
1463	-0.54671	-5.5452	1.6154
1464	0.90047	-15.425	1.1146
1465	0.76838	-0.04156	0.28142
1466	7.5216	10.155	0.83648
1467	0	0	0
1468	0.68413	13.288	1.8189
1469	4.9297	0.75921	0.82091
1470	-7.2759	-9.8308	0.60853
1471	10.722	0.0022474	1.2988
1472	1.4404	-37.23	1.2991
1473	0.01863	-11.048	0.98839
1474	-15.686	0.47524	2.0054
1475	-5.1735	-0.027166	0.56183
1476	-21.844	-30.327	0.50424
1477	8.6793	7.4314	1.4119
1478	0.19129	2.6954	1.3247
1479	1.4543	0.30217	0.88692
1480	0.37453	-21.188	1.8085
1481	-2.2181	-0.16108	1.6004
1482	2.6054	10.374	1.4546
1483	0	0	0
1484	0.39567	6.315	1.2356
1485	5.1809	1.7394	0.85649
1486	-4.5485	-9.1099	1.187
1487	4.2829	-0.17466	1.4178
1488	0.83913	-28.748	1.1452
1489	0.0049362	-0.67597	0.1122
1490	-6.4901	0.29921	0.053702
1491	-3.6841	-0.015371	1.8597
1492	-1.5326	-63.431	1.9819
1493	11.541	8.7018	0.53787
1494	1.2258	2.6021	1.092
1495	2.8791	-0.092064	1.9658
1496	-0.1804	-15.355	1.1945
1497	-5.1764	-0.24445	0.56583
1498	4.2355	7.8491	1.361
1499	0	0	0
1500	-0.98058	-2.7862	1.2186
1501	2.3037	2.5302	0.85802
1502	-4.1114	-4.3858	0.44403
1503	-4.3091	-0.39413	1.382
1504	0.035933	-17.502	0.095312
1505	-0.0021567	5.5316	1.7257
1506	3.3807	0.12503	1.9706
1507	-1.0553	-0.0002928	0.5073
1508	19.037	-71.033	1.3702
1509	11.196	10.2	0.93811
1510	1.5374	2.8218	1.0163
1511	3.2263	-4.3992	0.011498
1512	-0.58765	-6.5505	1.0777
1513	-7.809	-0.21519	0.97085
1514	6.3987	2.3778	1.1213
1515	0	0	0
1516	-2.8149	-7.9333	1.758
1517	-0.45216	2.4532	1.1483
1518	-6.2908	-0.66583	0.11883
1519	-11.682	-0.45028	0.43197
1520	-0.67129	-3.3439	1.5612
1521	-0.0038649	8.1941	0.13402
1522	9.5843	-0.039232	2.0099
1523	1.4645	0.0043528	0.89447
1524	33.821	-53.138	2.727
1525	10.507	10.443	1.2675
1526	2.2822	3.067	0.63612
1527	3.367	-6.2572	0.73591
1528	-0.60348	3.6198	1.6912
1529	-6.9054	-0.15688	0.20432
1530	7.4724	-1.292	0.78691
1531	0	0	0
1532	-3.3883	-6.3632	0.80808
1533	-1.5276	2.8756	1.0219
1534	-7.2397	2.891	1.278
1535	-13.225	-0.44317	0.29144
1536	-1.0632	9.3843	0.56614
1537	0.00060305	4.9334	1.9465
1538	4.7167	-0.11633	1.0013
1539	3.058	-0.00060642	1.9988
1540	32.389	-23.474	1.754
1541	6.8726	12.902	1.8472
1542	2.8104	2.2813	0.96329
1543	2.1224	-6.1914	0.83871
1544	-0.34124	7.9219	0.2839
1545	-5.4303	-0.045707	0.34989
1546	6.5361	-0.52663	0.10891
1547	0	0	0
1548	-3.352	-2.68	0.69305
1549	-0.96771	2.7575	1.212
1550	-4.3774	5.0744	0.71467
1551	-10.5	-0.2218	1.4971
1552	-1.2602	17.28	0.78771
1553	0.011139	-3.0558	1.5587
1554	-5.9314	-0.076755	0.071416
1555	2.8232	-0.011613	1.9517
1556	8.6421	7.1492	1.2698
1557	1.644	13.665	0.97628
1558	3.0248	2.112	1.0802
1559	1.1493	-2.7436	1.1499
1560	0.051277	3.9641	1.9459
1561	-4.0053	0.043079	1.6533
1562	4.0702	0.17668	1.5984
1563	0	0	0
1564	-2.7218	3.1741	0.4347
1565	0.082117	2.8183	1.4102
1566	-2.1813	4.3532	0.43376
1567	-6.3825	-0.023928	0.015255
1568	-1.0405	20.664	1.338
1569	0.022987	-10.744	0.77518
1570	-15.041	0.010374	1.8421
1571	1.3263	-0.020152	0.75835
1572	-14.018	32.032	1.4
1573	-3.244	7.8598	1.7623
1574	2.5631	1.4332	1.445
1575	0.54944	0.5357	0.20779
1576	0.52599	-5.3218	1.7103
1577	-3.3631	-0.0071839	1.9784
1578	2.5336	0.61972	1.7449
1579	0	0	0
1580	-1.3522	7.4125	0.90475
1581	1.79	3.1876	0.86607
1582	-1.3366	0.64112	0.79193
1583	-2.3546	0.15546	1.7031
1584	-0.48473	13.638	1.9102
1585	0.030901	-14.28	1.8329
1586	-15.846	0.088327	2.0514
1587	-0.74106	-0.023016	0.26248
1588	-31.1	24.113	1.6025
1589	-3.8647	5.4294	0.43649
1590	2.1579	0.91389	1.4436
1591	0.65409	3.0513	1.4418
1592	0.75512	-12.512	1.6493
1593	-3.2729	-0.10102	1.9915
1594	1.5527	0.43534	0.9834
1595	0	0	0
1596	-1.1072	7.9868	0.65641
1597	3.1851	3.274	0.32845
1598	-0.55165	-3.0674	1.482
1599	0.26367	0.2568	0.050467
1600	0.31577	-6.5988	1.0549
1601	0.035916	-11.013	0.96404
1602	-7.2204	0.21128	0.42762
1603	-2.0745	-0.019554	1.4837
1604	-26.913	5.7586	1.065
1605	0.24645	6.8881	0.85909
1606	1.4628	0.44944	0.8982
1607	1.856	1.9263	1.0601
1608	0.77192	-12.733	1.6945
1609	-3.9053	-0.16805	1.721
1610	2.1791	-0.037526	1.5725
1611	0	0	0
1612	-0.48095	6.902	0.86369
1613	3.2929	2.3855	0.88973
1614	-2.3403	-5.7916	0.6071
1615	1.1867	0.2522	0.63156
1616	0.95485	-22.775	1.6628
1617	0.021962	-4.0054	1.9563
1618	3.4106	0.32545	1.9416
1619	-2.1995	-0.0079877	1.5893
1620	-9.9172	-28.83	1.2625
1621	5.4949	6.9415	0.88232
1622	1.3845	0.89444	0.85132
1623	2.6845	-2.2932	0.9576
1624	0.44714	-11.515	1.2899
1625	-4.1697	-0.15306	1.5177
1626	2.6669	-0.61144	1.8095
1627	0	0	0
1628	-0.78894	2.3913	1.086
1629	2.5913	0.78741	1.7255
1630	-3.022	-4.8158	0.049537
1631	-1.1378	0.18578	0.58438
1632	0.78123	-28.768	1.1515
1633	0.0065919	2.2266	1.0049
1634	8.3193	0.38159	1.4498
1635	-1.2689	0.0014928	0.70303
1636	12.681	-53.952	0.87357
1637	10.318	6.6971	1.0523
1638	1.1535	2.5551	1.0967
1639	2.5376	-6.106	0.69439
1640	0.15827	-9.8269	0.24734
1641	-4.8437	-0.10611	0.87529
1642	3.3047	-0.90377	1.7949
1643	0	0	0
1644	-1.6213	-1.9948	1.0097
1645	0.86977	-0.64542	0.4213
1646	-2.7824	-2.0883	1.091
1647	-4.7587	0.025949	0.95935
1648	0.066138	-31.27	2.2351
1649	-5.8121e-05	3.8497	1.917
1650	10.043	0.39547	1.8083
1651	0.29285	0.00014852	0.042595
1652	29.182	-48.028	1.2801
1653	12.926	7.9619	0.31446
1654	1.2873	4.2262	1.2813
1655	1.3561	-6.3453	1.0582
1656	0.0049072	-6.9708	0.79712
1657	-4.3229	-0.085708	1.3837
1658	4.6024	-0.87677	1.0949
1659	0	0	0
1660	-2.3694	-4.9782	0.34189
1661	0.088495	-1.2185	0.3517
1662	-1.7578	0.066001	1.1865
1663	-6.6367	-0.12542	0.076524
1664	-0.56602	-26.366	0.34768
1665	-0.0023105	-0.51643	0.066006
1666	0.049192	0.27279	0.019752
1667	1.5639	-0.0012037	0.99367
1668	39.937	-36.926	2.0854
1669	12.48	12.961	2.0437
1670	1.392	5.0347	1.1693
1671	0.094771	-5.5585	1.7092
1672	-0.024784	-4.6561	1.9938
1673	-3.0141	-0.073714	1.9928
1674	6.5024	-0.61604	0.12575
1675	0	0	0
1676	-2.6001	-1.4874	1.4273
1677	-0.56635	-0.65887	0.24626
1678	-0.51571	1.5006	0.57614
1679	-6.992	-0.23428	0.26347
1680	-0.742	-18.878	0.56626
1681	0.0082061	-8.0637	0.18053
1682	-8.7166	0.16435	1.7734
1683	1.284	-0.0030627	0.71754
1684	39.673	-13.9	1.0814
1685	7.018	12.037	1.502
1686	1.4211	5.5978	1.1105
1687	0.25796	-3.1585	1.5973
1688	0.25366	-2.8243	1.4023
1689	-2.223	-0.036787	1.6079
1690	7.6325	-0.31501	0.80033
1691	0	0	0
1692	-2.0201	3.5297	0.65724
1693	-0.15467	1.6993	0.64416
1694	0.24962	0.36469	0.063082
1695	-4.151	-0.17172	1.5328
1696	-0.72946	-5.9497	1.3699
1697	0.024987	-12.924	2.0009
1698	-9.908	0.064588	1.9091
1699	-0.0032189	-0.011901	4.0626e-05
1700	6.6742	9.496	0.19389
1701	1.7958	10.148	1.1665
1702	1.3972	3.7282	1.1551
1703	1.3882	-0.41639	0.82676
1704	0.59689	-2.4473	1.1331
1705	-2.4266	-0.016565	1.7565
1706	7.8291	-0.028609	0.99043
1707	0	0	0
1708	-2.0364	7.3646	1.2279
1709	0.65442	3.7048	1.6913
1710	0.39688	-0.87039	0.24718
1711	-0.84728	-0.06019	0.33876
1712	-0.27383	1.6968	0.6517
1713	0.035055	-12.623	1.9173
1714	-5.4656	0.0159	0.32355
1715	-1.1289	-0.016362	0.57272
1716	-23.799	25.761	1.1185
1717	-1.7748	9.5382	1.205
1718	1.0944	0.92043	0.63564
1719	2.1754	1.0074	1.4317
1720	0.65484	-4.7464	1.7807
1721	-3.5394	-0.052261	1.9244
1722	4.93	0.1166	0.79087
1723	0	0	0
1724	-1.9828	9.9138	1.3248
1725	1.7934	4.0388	0.79305
1726	-0.023167	-2.5338	1.2206
1727	0.40621	0.060841	0.082267
1728	0.28798	-1.6025	0.59429
1729	0.026051	-9.8508	0.24845
1730	-0.97435	0.014733	0.43856
1731	-1.356	-0.014605	0.78732
1732	-34.378	29.727	0.96089
1733	-1.3048	7.239	0.90962
1734	0.73805	-0.88453	0.4006
1735	2.7607	0.58329	1.8525
1736	0.64601	-7.1535	0.74219
1737	-3.2222	-0.090719	1.9973
1738	0.89588	0.13227	0.3781
1739	0	0	0
1740	-1.6677	6.6371	1.0098
1741	3.1043	2.4376	0.85172
1742	-1.3393	-3.1827	1.1472
1743	-0.82771	0.14485	0.32716
1744	0.65991	-7.303	0.66865
1745	0.0099455	-3.5771	1.8215
1746	3.6546	0.065197	1.8737
1747	-0.95822	-0.0098519	0.42527
1748	-34.463	10.154	1.9439
1749	-0.54801	5.9952	1.398
1750	0.60266	-0.31025	0.19603
1751	2.5396	-1.8484	1.2174
1752	0.45251	-8.6453	0.13235
1753	-2.7615	-0.087333	1.9288
1754	-0.73867	-0.18568	0.26714
1755	0	0	0
1756	-1.3344	-0.029721	0.76628
1757	3.2928	0.84507	1.8202
1758	-2.2338	-2.9597	0.69653
1759	-3.122	0.11667	1.9988
1760	0.72893	-12.53	1.6695
1761	0.00080217	2.2244	1.0033
1762	5.0255	0.17148	0.70057
1763	-0.32821	-0.0035866	0.05341
1764	-19.396	-10.06	0.54311
1765	1.4171	6.4546	1.0335
1766	1.271	1.6309	0.88131
1767	2.1071	-3.7448	0.55465
1768	0.19696	-6.7184	0.97378
1769	-3.7381	-0.082012	1.8294
1770	0.65949	-0.50999	0.2607
1771	0	0	0
1772	-1.3652	-4.8316	1.2028
1773	2.8632	0.13733	1.959
1774	-2.9063	-2.1395	1.0596
1775	-4.4221	0.025332	1.2911
1776	0.68487	-12.157	1.5607
1777	0.00563	6.069	1.4179
1778	2.8034	0.25893	1.9296
1779	0.34827	0.00232	0.060066
1780	4.9559	-18.626	0.89441
1781	3.3706	9.0859	1.9876
1782	2.3394	3.9616	0.35001
1783	1.6197	-4.9388	0.96082
1784	0.052646	-3.0033	1.5266
1785	-4.3353	-0.082643	1.3722
1786	2.6546	-0.60705	1.8054
1787	0	0	0
1788	-1.6891	-5.5904	0.92724
1789	1.7307	1.2963	1.0981
1790	-2.9236	-1.58	1.4306
1791	-5.9964	-0.078729	0.051328
1792	0.18901	-11.13	1.0471
1793	0.013021	3.6897	1.8648
1794	0.057205	0.31697	0.026633
1795	0.90753	0.0047733	0.38452
1796	25.135	-7.4625	0.63695
1797	4.4729	9.0276	1.2614
1798	3.1851	5.733	0.39936
1799	1.8482	-4.2861	0.73323
1800	0.051477	-1.4289	0.46971
1801	-3.6407	-0.080614	1.8799
1802	5.2274	-0.59039	0.55666
1803	0	0	0
1804	-2.2504	-1.5099	1.3049
1805	-0.078341	3.0405	1.5479
1806	-2.7299	-1.0469	1.6787
1807	-5.576	-0.13181	0.25088
1808	-0.30491	-7.7497	0.35275
1809	0.021322	-3.8427	1.9148
1810	-2.3641	0.33468	1.6943
1811	0.82479	0.0046273	0.32146
1812	37.746	7.5366	0.79263
1813	4.2962	10.369	1.2331
1814	2.3667	6.9446	1.1541
1815	2.1381	-2.7959	0.79077
1816	0.21292	-0.76806	0.16338
1817	-3.6281	-0.075295	1.886
1818	7.7025	-0.40204	0.87003
1819	0	0	0
1820	-2.4102	3.0591	0.58828
1821	-0.76017	4.941	1.6865
1822	-2.0823	-0.61145	1.4456
1823	-3.1796	-0.11006	1.9988
1824	-0.6391	-3.1773	1.5047
1825	0.027967	-11.36	1.2101
1826	-2.8519	0.3048	1.9382
1827	0.58309	-0.0028387	0.16532
1828	31.875	18.027	0.45321
1829	2.8918	11.249	0.9366
1830	1.4566	7.4664	0.95323
1831	1.6238	-1.6573	1.0219
1832	0.32215	-0.66365	0.15412
1833	-4.0781	-0.08577	1.5957
1834	9.0825	-0.23073	1.9501
1835	0	0	0
1836	-3.03	6.4962	0.89499
1837	-1.0308	4.3209	1.5172
1838	-1.4428	-1.6517	0.95116
1839	0.013334	-0.037435	0.00043959
1840	-0.35743	-1.2608	0.41189
1841	0.026864	-16.229	0.60391
1842	-2.4028	0.16101	1.736
1843	0.00051615	-0.012552	3.956e-05
1844	17.22	22.212	1.1385
1845	2.0652	9.3489	1.4722
1846	0.95488	5.1491	1.514
1847	0.56157	-1.3623	0.51741
1848	0.34319	-0.45503	0.10672
1849	-3.1721	-0.094073	1.9998
1850	5.2814	-0.11499	0.46999
1851	0	0	0
1852	-2.3155	8.9457	1.6985
1853	-0.48469	2.3975	1.1114
1854	-0.57956	-2.2727	1.0317
1855	2.7999	0.030049	1.9439
1856	0.050614	-7.0798	0.7233
1857	0.022843	-13.991	1.941
1858	-0.20131	0.0026108	0.020207
1859	-0.50851	-0.020088	0.12668
1860	-4.788	18.268	1.0183
1861	2.6729	8.112	1.7802
1862	1.3178	2.6754	1.0812
1863	0.74122	-2.1465	0.96221
1864	0.3274	-0.26126	0.069275
1865	-2.7667	-0.1022	1.9301
1866	0.53278	-0.062688	0.13952
1867	0	0	0
1868	-2.0523	9.9786	1.3576
1869	1.0775	0.061658	0.52725
1870	-0.16282	-3.6531	1.8402
1871	3.624	0.069188	1.8881
1872	0.3908	-11.577	1.3351
1873	0.013388	-7.1971	0.64508
1874	1.8346	-0.019673	1.2616
1875	-0.74852	-0.023607	0.26754
1876	-21.418	5.3137	0.43601
1877	2.9266	7.8796	1.7576
1878	2.1844	0.83321	1.4801
1879	1.7764	-2.7503	0.92809
1880	0.25582	0.00034647	0.032561
1881	-2.0273	-0.11818	1.4403
1882	-1.3097	-0.18293	0.74445
1883	0	0	0
1884	-1.2844	5.7971	1.1714
1885	2.4449	-1.0464	1.5682
1886	-0.28792	-4.9897	1.8943
1887	3.3891	0.045499	1.9719
1888	0.56364	-13.731	1.8586
1889	0.011116	-1.5672	0.55435
1890	3.2414	0.042732	1.9972
1891	-0.60677	-0.014851	0.17864
1892	-17.562	-6.5013	1.1198
1893	4.0757	11.261	0.97121
1894	2.9055	-0.021086	1.9743
1895	2.791	-2.882	0.58114
1896	0.17119	0.22867	0.02749
1897	-1.8665	-0.087469	1.2917
1898	-1.3715	-0.26439	0.80597
1899	0	0	0
1900	-0.96477	0.64038	0.48813
1901	2.8577	0.25928	1.946
1902	-0.90352	-5.1914	1.5411
1903	1.758	-0.0029973	1.1869
1904	0.5192	-14.9	1.4406
1905	0.0064946	-0.078381	0.0015581
1906	2.6348	0.093406	1.8742
1907	-0.26708	-0.0015476	0.035473
1908	-5.1161	-9.364	0.65787
1909	4.1551	13.911	0.56802
1910	2.3527	0.34379	1.6853
1911	3.6861	-3.3635	0.38814
1912	0.086546	0.42189	0.047792
1913	-2.7544	-0.060752	1.927
1914	2.2774	-0.28694	1.6373
1915	0	0	0
1916	-1.7753	-2.4539	0.96906
1917	2.4832	3.2485	0.47894
1918	-1.8206	-4.9179	0.77348
1919	-0.90147	-0.053946	0.3802
1920	0.23095	-12.09	1.6597
1921	0.0014091	1.2286	0.35462
1922	-0.13388	0.15419	0.014844
1923	0.17188	0.0092225	0.014763
1924	11.623	-0.76526	0.53078
1925	2.9026	13.738	0.11817
1926	1.7449	0.9427	1.1371
1927	3.893	-3.7576	0.36075
1928	0.037888	0.48404	0.058739
1929	-3.4788	-0.037276	1.9464
1930	5.0313	-0.34671	0.70217
1931	0	0	0
1932	-1.9446	-4.0786	0.65196
1933	2.2831	5.0076	0.40545
1934	-2.7243	-3.791	0.18669
1935	-2.6469	-0.088319	1.8802
1936	-0.095915	-6.6606	1.0137
1937	-0.0025378	1.4506	0.48204
1938	-2.5467	0.19607	1.8219
1939	0.43713	0.0039589	0.094082
1940	24.819	9.6467	0.36056
1941	1.4114	8.4624	0.8667
1942	1.0352	1.872	0.87632
1943	2.4321	-3.0075	0.60339
1944	0.044271	0.29272	0.022326
1945	-4.594	-0.035353	1.1234
1946	6.0465	-0.36108	0.068559
1947	0	0	0
1948	-1.773	-1.1357	1.1406
1949	1.4731	6.2163	1.0406
1950	-3.2537	-1.6124	1.4181
1951	-3.5408	-0.10676	1.9219
1952	-0.29817	-2.145	0.94952
1953	-0.0053668	0.93017	0.20885
1954	-3.59	0.1812	1.897
1955	0.33108	-0.0067428	0.054348
1956	31.08	15.129	1.5759
1957	0.20826	4.9106	1.9314
1958	0.35697	2.3573	1.0913
1959	-0.028151	-1.8032	0.70951
1960	0.048163	0.018876	0.0012492
1961	-4.7931	-0.068476	0.92518
1962	5.6134	-0.3256	0.24463
1963	0	0	0
1964	-1.8942	3.7916	0.71979
1965	0.33719	4.4311	1.9486
1966	-3.1385	-0.67665	1.8903
1967	-2.7398	-0.093444	1.9202
1968	-0.23407	-1.8589	0.75425
1969	-0.0047516	-0.096113	0.0023221
1970	-1.6619	0.13807	1.0912
1971	0.14395	-0.016754	0.010417
1972	24.488	14.304	1.8178
1973	-0.094684	5.1225	1.8893
1974	-0.31412	2.5672	1.2319
1975	-1.1363	-0.62427	0.61982
1976	0.040503	-0.22822	0.013816
1977	-3.4064	-0.10332	1.9655
1978	3.0067	-0.23869	1.9791
1979	0	0	0
1980	-2.2647	6.5042	0.9396
1981	-0.34443	2.7965	1.3742
1982	-1.548	-1.4535	0.98933
1983	-0.48728	-0.05853	0.11721
1984	0.02132	-6.4077	1.1907
1985	-0.0030679	-0.9683	0.22562
1986	1.0428	0.054794	0.49688
1987	-0.12623	-0.024572	0.0081098
1988	11.624	6.1363	1.2575
1989	2.4171	3.6421	0.37283
1990	0.058137	1.9289	0.79589
1991	-0.23811	-0.49321	0.086792
1992	0.029096	-0.26139	0.017466
1993	-2.4234	-0.12842	1.7514
1994	1.7819	-0.18163	1.2086
1995	0	0	0
1996	-2.5425	5.9835	0.6282
1997	0.57891	2.026	0.8858
1998	-0.12027	-1.9925	0.84098
1999	1.8465	-0.0046354	1.2731
2000	0.23889	-9.5621	0.16027
