1	44.706	3.7715	2.1698
2	454.09	-387.61	90.016
3	-256.64	25.984	17.135
4	554.78	320.47	103.88
5	33.533	186.94	10.522
6	-141.71	80.816	8.4325
7	457.69	1.4312	53.076
8	-40.402	-41.053	1.1698
9	345.81	-43.294	30.691
10	-104.11	411.28	45.799
11	-137.87	456.21	58.291
12	292.49	300.57	45.411
13	33.108	-13.185	1.1967
14	-428.76	558.54	124.91
15	463.99	43.603	54.823
16	509.95	281.03	86.129
17	-92.117	-579.81	87.161
18	-183.99	-389.29	47.426
19	-185.78	224.53	22.124
20	-192.91	-386.67	47.388
21	334.93	-254.89	45.151
22	324.06	143.99	32.688
23	429.45	-0.77749	47.603
24	-40.402	-41.053	1.1698
25	-87.976	199.74	13.9
26	-137.33	287.71	26.857
27	229.98	243.2	28.462
28	-282.33	538.42	94.165
29	407.4	27	42.156
30	436.87	129.75	52.135
31	-73.072	-483.23	60.205
32	-116.08	-274.52	23.985
33	-164.14	-306.71	31.963
34	199.6	198.95	20.937
35	-280.4	-281.05	39.926
36	199.6	-41.053	11.459
37	-40.402	198.95	10.608
38	-280.4	-41.053	20.57
39	-40.402	-281.05	20.534
40	198.56	-124.06	15.482
41	41.526	-46.566	2.0195
42	396.12	-5.3134	41.02
43	-40.402	-41.053	1.1698
44	-56.282	-0.34261	0.85544
45	-116.72	-1.1319	5.0244
46	108.41	85.702	5.759
47	-114.38	419.15	48.056
48	182.51	4.2419	10.277
49	189.06	-80.784	10.86
50	-55.492	-200.26	12.274
51	-37.651	-62.02	1.3253
52	-107.27	-115.75	6.3427
53	-46.367	10.385	1.92
54	-236.19	-203.81	26.107
55	347.34	-8.2269	31.349
56	-27.782	-180.27	9.112
57	-70.25	-260.82	19.492
58	58.011	196	11.344
59	-79.24	-16.874	3.2569
60	-133.31	-233.39	19.08
61	-39.966	148.1	6.5631
62	29.005	129.54	4.7495
63	-33.239	71.866	2.7797
64	183.72	239.66	23.733
65	-296.28	-240.34	36.849
66	183.72	-0.34261	9.3748
67	-56.282	239.66	15.202
68	-296.28	-0.34261	22.399
69	-56.282	-240.34	15.312
70	-268.84	128.5	23.423
71	-354.23	-332.02	59.453
72	163.62	-9.0131	6.7485
73	-10.051	-302.04	24.641
74	173.35	-61.14	10.067
75	-312.44	-29.57	25.553
76	-265.47	-309.36	42.545
77	-29.26	460.31	54.366
78	73.707	180.12	10.453
79	28.091	204.8	12.621
80	63.718	119.66	6.2127
81	-176.28	-120.34	13.293
82	63.718	-0.34261	1.401
83	-56.282	119.66	6.3144
84	-176.28	-0.34261	7.8579
85	-56.282	-120.34	6.3417
86	-374.74	177.87	44.643
87	-347.48	-392.26	69.85
88	-70.786	-5.9253	2.2116
89	-10.487	-268.49	19.154
90	213.66	-284.68	31.702
91	-437.52	-31.204	48.429
92	-246.57	-201.55	26.373
93	-36.226	560.42	79.756
94	76.011	145.67	8.39
95	37.186	252.68	18.11
96	3.7179	59.657	1.7042
97	-116.28	-60.343	5.5448
98	3.7179	-0.34261	1.8175
99	-56.282	59.657	2.8991
100	-116.28	-0.34261	5.3503
101	-56.282	-60.343	2.4569
102	-414.88	187.38	51.974
103	-259.94	-284.87	38.824
104	-277.7	-0.49902	19.97
105	-45.458	-117.46	4.9469
106	147.92	-312.5	31.357
107	-471.45	-25.845	55.912
108	-128.81	-54.437	6.59
109	-48.227	417.36	45.571
110	33.971	-44.634	2.6106
111	13.681	139.09	6.136
112	-26.282	29.657	1.6066
113	-86.282	-30.343	2.9955
114	-26.282	-0.34261	0.77559
115	-418.86	139.11	49.41
116	26.545	-3.8546	1.3246
117	-321.71	4.0769	27.166
118	-71.76	116.27	6.4234
119	71.846	-212.47	14.355
120	-295.38	-11.477	23.103
121	-8.1025	86.902	2.9503
122	-54.813	20.012	1.849
123	-35.485	-210.34	12.093
124	-27.971	-22.17	0.36456
125	-185.95	5.1487	8.9252
126	272.04	245.54	34.382
127	-227.07	4.7556	14.52
128	-66.113	282.48	22.291
129	-3.233	-20.858	0.53934
130	33.066	-4.7272	1.2017
131	96.069	195.52	13.112
132	-58.295	-342.2	30.951
133	-95.321	-280.98	23.354
134	-65.374	-166.98	9.2524
135	32.029	37.83	1.6522
136	-87.971	-82.17	4.6061
137	32.029	-22.17	2.1969
138	-27.971	37.83	1.5091
139	-87.971	-22.17	4.0571
140	-27.971	-82.17	2.8994
141	89.458	-118.25	6.524
142	369.5	351.57	66.354
143	-79.513	-5.0783	2.0803
144	-29.881	338.71	29.877
145	-72.263	150.73	8.9586
146	325.37	-0.74913	27.28
147	166.43	144.51	13.066
148	-52.265	-556.81	78.976
149	-133.25	-228.41	18.554
150	-84.595	-242.52	17.231
151	2.0289	7.8301	1.341
152	-57.971	-52.17	2.4186
153	2.0289	-22.17	0.68192
154	-27.971	7.8301	1.9115
155	-57.971	-22.17	2.1107
156	-27.971	-52.17	2.5345
157	284.63	-166.93	28.289
158	288.74	290.71	43.171
159	64.035	-22.066	2.5045
160	4.6244	289.64	21.905
161	-109.09	292.21	25.809
162	547.28	-2.6885	76.14
163	178.76	12.998	8.1042
164	-46.272	-598.56	90.679
165	-94.312	-99.835	5.6236
166	-83.241	-142.49	7.7967
167	-12.971	-7.1699	0.73327
168	-42.971	-37.17	1.5903
169	-12.971	-22.17	2.0837
170	-27.971	-7.1699	1.5424
171	-42.971	-22.17	2.1151
172	-27.971	-37.17	1.9306
173	349.69	-103.88	34.064
174	-30.03	91.804	3.4227
175	128.13	-30.961	4.5682
176	16.375	96.741	4.0032
177	-107.57	270.76	22.938
178	322.05	-9.2597	26.982
179	66.092	-99.751	4.7289
180	-43.211	-296.98	24.147
181	-43.728	40.141	2.8429
182	-40.379	21.109	0.88357
183	-20.471	-14.67	1.129
184	-35.471	-29.67	1.2104
185	-20.471	-22.17	1.1769
186	-27.971	-14.67	0.69301
187	-35.471	-22.17	0.82685
188	-27.971	-29.67	0.90917
189	200.32	-20.005	11.138
190	-313.97	-158.89	31.234
191	66.438	-31.814	1.5742
192	15.743	-91.488	2.8697
193	-64.452	108.44	4.9926
194	-66.362	-16.563	2.777
195	-104.55	-171.53	10.877
196	-36.917	60.667	1.9289
197	2.0873	97.967	3.8881
198	5.5158	140.34	5.7359
199	-24.221	-18.42	0.68225
200	-31.721	-25.92	0.59249
201	-24.221	-22.17	1.8817
202	-27.971	-18.42	2.1363
203	-31.721	-22.17	2.3277
204	-27.971	-25.92	2.1911
205	8.6447	67.363	1.5324
206	-541.37	-349.65	105.14
207	-29.268	-27.833	1.7757
208	-7.0517	-192.11	10.764
209	5.6384	-100.83	4.0108
210	-381.98	-19.59	37.497
211	-212.95	-186.8	20.29
212	-34.139	354.81	33.59
213	12.971	47.966	2.3545
214	35.06	116.96	5.1853
215	-26.096	-20.295	1.3941
216	-29.846	-24.045	1.3675
217	-26.096	-22.17	1.8636
218	-27.971	-20.295	1.0964
219	-29.846	-22.17	1.3466
220	-27.971	-24.045	1.0796
221	-174.8	108.61	11.516
222	-386.15	-432.26	84.403
223	-111.56	-23.208	4.272
224	-30.772	-162.33	7.9184
225	49.96	-273.11	20.358
226	-475.16	-18.53	58.141
227	-253.4	-23.698	16.954
228	-35.086	510.78	65.672
229	-3.2753	-17.124	1.9649
230	41.406	18.872	2.1191
231	-27.034	-21.232	1.0463
232	-28.909	-23.107	0.69225
233	-27.034	-22.17	0.98159
234	-27.971	-21.232	0.57491
235	-28.909	-22.17	0.52672
236	-27.971	-23.107	0.55872
237	-295.71	125.14	25.975
238	-3.0237	-264.57	18.654
239	-106.27	-21.775	4.7553
240	-50.907	-25.627	1.2141
241	70.471	-293.58	23.582
242	-271.69	-17.037	19.473
243	-207.6	131.53	15.784
244	-35.071	387.18	38.002
245	-27.117	-85.779	2.7946
246	13.565	-92.743	3.6959
247	-27.502	-21.701	0.63695
248	-28.44	-22.639	0.38805
249	-27.502	-22.17	0.59576
250	-27.971	-21.701	0.42111
251	-28.44	-22.17	0.33925
252	-214.38	115.53	15.097
253	344.49	34.536	30.615
254	-62.301	-22.917	2.8598
255	-57.065	108.18	4.3451
256	19.029	-179.56	8.8901
257	4.6755	-17.088	1.1111
258	-73.66	195.62	12.089
259	-38.102	-108.9	4.3575
260	-53.649	-121.09	4.7096
261	-21.171	-143.15	6.7602
262	-27.971	-21.701	0.42111
263	-28.909	-22.639	0.56755
264	-27.971	-22.17	0.36456
265	-28.44	-21.701	0.39787
266	-28.909	-22.17	0.52672
267	-28.44	-22.639	0.38805
268	-76.001	66.4	4.3579
269	403.12	278.72	61.413
270	46.183	-26.468	2.2919
271	-40.164	147.55	6.2313
272	-54.94	44.065	2.277
273	248.44	-18.261	17.424
274	82.037	141.01	7.0156
275	-42.643	-483.25	60.009
276	-70.275	-99.359	4.5369
277	-55.509	-127.86	6.2455
278	-28.206	-21.936	0.34088
279	-28.674	-22.404	0.41824
280	-28.206	-22.17	0.32462
281	85.785	-12.74	2.3573
282	379.23	298.89	58.884
283	137.18	-31.277	6.44
284	-19.528	87.332	2.6342
285	-103.26	210.77	14.601
286	460.33	-19.523	54.101
287	190.44	53.493	11.149
288	-49.934	-600	92.559
289	-62.65	-52.569	1.8222
290	-81.448	-69.092	3.6964
291	-27.971	-21.936	0.38
292	-28.44	-22.404	0.35024
293	-27.971	-22.17	0.36456
294	-28.206	-21.936	0.34088
295	-28.44	-22.17	0.33925
296	-28.206	-22.404	0.33572
297	181.7	-84.305	11.9
298	110.06	173.08	10.533
299	175.36	-31.485	9.7452
300	-5.0484	26.89	0.8619
301	-103	256.29	20.505
302	526.93	-20.227	70.625
303	193.54	-30.61	10.908
304	-55.883	-468.93	56.641
305	-39.707	-4.3628	0.976
306	-69.607	21.438	3.0781
307	-28.088	-22.053	0.34248
308	-28.323	-22.287	0.32721
309	-28.088	-22.17	0.33785
310	-28.206	-22.053	0.32935
311	-28.323	-22.17	0.32508
312	-28.206	-22.287	0.32675
313	135.45	-105.58	9.0639
314	-173.53	23.982	8.44
315	101.96	-30.032	3.9286
316	-7.759	-43.702	1.41
317	-67.769	144.1	7.2942
318	347.61	-21.026	31.02
319	74.038	-64.027	3.3376
320	-54.092	-194.95	11.954
321	-18.297	35.602	0.55016
322	-44.662	70.344	2.0626
323	-28.147	-22.111	0.33103
324	-28.264	-22.228	0.32334
325	9.7023	-82.034	2.8141
326	-323.03	-114.95	31.176
327	-31.483	-27.044	0.46992
328	-17.828	-87.504	2.693
329	10.325	-5.2843	0.51907
330	-57.457	-21.439	2.4653
331	-102.16	-66.842	4.6667
332	-46.041	159.91	8.3913
333	-3.4952	58.152	0.94653
334	-16.737	93.192	2.7272
335	-28.206	-22.17	0.32462
336	-28.323	-22.287	0.32721
337	-28.206	-22.228	0.32483
338	-28.264	-22.17	0.32314
339	-112.83	-4.7922	5.1222
340	-314.96	-214.71	36.967
341	-150.54	-22.554	7.7316
342	-29.8	-58.623	2.0445
343	75.773	-139.15	7.7775
344	-386.92	-20.567	38.188
345	-198.2	7.0359	11.083
346	-38.919	418.15	44.769
347	-0.59854	43.288	0.89706
348	1.1792	47.737	1.8353
349	-28.206	-22.111	0.32613
350	-28.323	-22.228	0.32529
351	-28.206	-22.17	0.32462
352	-28.264	-22.111	0.32465
353	-28.323	-22.17	0.32508
354	-28.264	-22.228	0.32334
355	-169.32	86.316	10.243
356	-82.735	-224.41	15.318
357	-196.9	-19.372	11.008
358	-38.736	0.39178	0.88572
359	96.727	-229.27	16.735
360	-513.75	-20.257	67.106
361	-165	101.92	10.335
362	-36.151	549.42	76.783
363	-15.028	9.9119	1.6629
364	6.7187	-21.677	1.9708
365	-28.235	-22.141	0.32399
366	-28.293	-22.199	0.32357
367	-28.235	-22.17	0.32345
368	-28.264	-22.141	0.32368
369	-28.293	-22.17	0.32368
370	-28.264	-22.199	0.32303
371	-132.44	144.36	10.572
372	203.21	-86.614	13.19
373	-205.93	-20.512	11.762
374	-40.963	49.388	1.1023
375	55.989	-153.58	7.8591
376	-498.29	-20.229	63.119
377	-69.98	148.45	7.9106
378	-39.023	301.14	23.863
379	-31.578	-13.626	2.2609
380	-6.849	-83.944	3.5712
381	-28.235	-22.17	0.32345
382	-28.293	-22.228	0.32389
383	-28.235	-22.199	0.32334
384	-28.264	-22.17	0.32314
385	-28.293	-22.199	0.32357
386	-28.264	-22.228	0.32334
387	-16.915	161.96	7.6808
388	392.52	79.452	42.016
389	-116.6	-25.01	4.9249
390	-38.673	60.628	2.0437
391	-3.977	5.4482	0.50297
392	-176.76	-19.92	8.8761
393	36.074	121.92	5.0315
394	-44.522	6.133	1.8197
395	-41.575	-14.642	1.0414
396	-28.364	-114.08	4.9824
397	-28.249	-22.185	0.32308
398	-28.279	-22.214	0.3233
399	-28.249	-22.199	0.32308
400	-28.264	-22.185	0.32303
401	-28.279	-22.199	0.32319
402	-28.264	-22.214	0.32313
403	90.436	138.4	7.1365
404	358.36	147.51	39.331
405	6.9702	-28.746	1.146
406	-33.127	49.528	1.7627
407	-60.746	138.46	6.2875
408	186.12	-19.574	9.966
409	99.446	51.074	4.1307
410	-45.429	-263.67	18.954
411	-43.085	-6.2349	1.6603
412	-47.516	-94.09	2.9936
413	-28.257	-22.192	0.32301
414	150.91	43.789	6.2799
415	111.21	125.47	8.2518
416	102.54	-30.969	3.4423
417	-25.267	13.8	2.1437
418	-92.856	211.65	14.28
419	396.82	-18.308	39.933
420	93.151	-30.566	3.8267
421	-42.957	-277.3	20.548
422	-26.296	18.556	0.9221
423	-54.861	-47.422	2.2544
424	-28.249	-22.185	0.32308
425	-28.264	-22.199	0.32303
426	-28.249	-22.192	0.32306
427	-28.257	-22.185	0.32303
428	-28.264	-22.192	0.32301
429	-28.257	-22.199	0.32302
430	112.02	-59.538	5.1679
431	-169.4	26.085	7.4532
432	117.72	-27.997	4.7105
433	-18.677	-18.618	0.35994
434	-76.821	182.17	10.919
435	510.68	-18.376	66.437
436	7.9248	-86.989	2.925
437	-37.823	-152	6.3546
438	-8.3329	43.712	1.8979
439	-48.709	5.3287	1.6115
440	-28.253	-22.188	0.32304
441	-28.26	-22.196	0.32301
442	-24.838	-83.947	3.8209
443	-384.17	-92.224	40.474
444	8.6839	-23.572	0.73461
445	-17.135	-47.929	1.5349
446	-57.334	-4.1477	2.5177
447	318.14	-19.076	26.796
448	-70.639	-132.69	6.606
449	-30.965	48.798	2.7337
450	-3.5209	32.797	0.9351
451	-38.506	50.81	2.1536
452	-28.257	-22.192	0.32301
453	-28.264	-22.199	0.32303
454	-28.257	-22.196	0.32301
455	-28.26	-22.192	0.32301
456	-148.42	-84.171	7.5664
457	-296.41	-144.34	28.156
458	-98.751	-19.734	3.5731
459	-19.327	-66.349	3.0631
460	-21.953	-175.77	9.0354
461	75.811	-20.392	2.7959
462	-103.61	-122.51	7.6681
463	-25.053	209.44	13.024
464	-10.81	5.3966	0.892
465	-22.472	79.413	3.5213
466	-28.257	-22.188	0.32302
467	-28.264	-22.196	0.32302
468	-28.257	-22.192	0.32301
469	-28.26	-22.188	0.32301
470	-28.264	-22.192	0.32301
471	-28.26	-22.196	0.32301
472	-204.5	1.0716	12.15
473	-32.74	-127.2	5.4101
474	-168.81	-18.464	7.6201
475	-24.821	-79.947	1.8002
476	13.834	-223.6	13.394
477	-194.86	-20.897	11.196
478	-106.95	-102.15	7.4585
479	-24.976	339.82	29.983
480	-22.191	-15.421	1.0934
481	-9.4435	44.209	2.4987
482	-28.259	-22.19	0.32301
483	-28.262	-22.194	0.32301
484	-28.259	-22.192	0.32301
485	-28.26	-22.19	0.32301
486	-28.262	-22.192	0.32301
487	-28.26	-22.194	0.32301
488	-174.49	91.929	10.797
489	228.13	-79.19	15.879
490	-175.48	-21.631	9.6385
491	-28.799	-74.555	1.9289
492	28.048	-135.52	5.7813
493	-401.5	-21.065	41.967
494	-36.806	-68.883	2.5169
495	-27.782	164.99	7.1975
496	-33.359	-35.611	1.9587
497	-4.3548	-42.187	1.4445
498	-28.26	-22.191	0.32301
499	-28.261	-22.193	0.32301
500	-28.26	-22.192	0.32301
501	-28.26	-22.191	0.32301
502	-28.261	-22.192	0.32301
503	-28.26	-22.193	0.32301
504	-83.03	162.9	9.468
505	346.68	23.81	31.382
506	-63.416	-25.258	1.7067
507	-28.406	-57.047	1.1465
508	17.524	-6.671	1.0868
509	-369.46	-19.756	35.17
510	28.325	-21.107	0.60421
511	-32.837	-138.39	6.1907
512	-35.035	-31.218	0.66531
513	-6.4591	-108.87	3.9834
514	-28.26	-22.191	0.32301
515	-28.261	-22.192	0.32301
516	-28.26	-22.192	0.32301
517	64.56	145.8	7.2247
518	398.95	99.064	43.838
519	56.28	-28.383	1.6621
520	-27.943	-25.193	1.8365
521	-15.527	111.78	3.3201
522	-115.81	-18.798	5.1205
523	82.065	21.178	3.4852
524	-39.198	-356.08	33.019
525	-27.127	1.7533	1.3183
526	-13.383	-107.88	3.5195
527	-28.26	-22.191	0.32301
528	-28.26	-22.192	0.32301
529	135.71	82.748	7.005
530	176.24	152.93	14.381
531	115.74	-30.619	3.7551
532	-23.163	4.6496	0.75501
533	-47.704	134.8	6.515
534	155.59	-18.385	7.059
535	79.16	32.319	2.2976
536	-46.331	-334.69	29.186
537	-17.57	28.665	1.2394
538	-28.219	-28.088	1.9261
539	-28.26	-22.192	0.32301
540	-28.261	-22.193	0.32301
541	-28.26	-22.192	0.32301
542	133.13	-19.21	5.3264
543	-100.05	127.53	8.0988
544	81.074	-28.479	2.6171
545	-18.144	19.349	0.84099
546	-71.803	53.256	3.896
547	239.09	-18.224	14.477
548	13.877	25.1	1.0893
549	-45.717	-105.55	4.425
550	-11.764	40.123	2.1289
551	-41.454	46.181	2.2293
552	-28.26	-22.192	0.32301
553	-28.26	-22.193	0.32301
554	-28.26	-22.192	0.32301
555	-28.26	-22.192	0.32301
556	-28.26	-22.192	0.32301
557	-28.26	-22.193	0.32301
558	64.615	-89.922	4.2194
559	-291.06	38.949	22.224
560	-52.412	-25.413	2.1949
561	-15.892	20.184	1.0323
562	-57.7	-58.893	2.9822
563	186.49	-18.344	10.165
564	-47.966	-7.0023	1.745
565	-36.105	169.37	8.5192
566	-14.762	23.955	1.0028
567	-46.679	97.895	4.8379
568	-28.26	-22.192	0.32301
569	-28.26	-22.193	0.32301
570	-28.26	-22.192	0.32301
571	-28.26	-22.192	0.32301
572	-28.26	-22.192	0.32301
573	-42.726	-125.04	5.0869
574	-318.74	-75.561	27.692
575	-157.81	-22.063	8.0912
576	-19.745	2.4279	1.1899
577	-27.683	-154.59	6.5028
578	-10.102	-19.064	1.5925
579	-95.488	-43.739	3.4709
580	-29.56	392.09	39.85
581	-23.798	0.74884	0.93963
582	-41.024	93.144	2.6125
583	-28.26	-22.192	0.32301
584	-28.26	-22.193	0.32301
585	-28.26	-22.192	0.32301
586	-28.26	-22.192	0.32301
587	-28.26	-22.192	0.32301
588	-28.26	-22.193	0.32301
589	-119.13	-93.743	7.6671
590	-181.42	-154.95	15.88
591	-178.74	-20.007	9.0774
592	-25.454	-22.129	2.2314
593	1.9215	-182.43	8.9835
594	-189.18	-20.005	10.054
595	-46.163	-72.988	2.9928
596	-24.409	270.39	20.105
597	-31.268	-17.734	0.33427
598	-34.777	-6.6236	1.2853
599	-28.26	-22.192	0.32301
600	-28.26	-22.192	0.32301
601	-28.26	-22.192	0.32301
602	-28.26	-22.192	0.32301
603	-173.58	-15.668	8.6523
604	33.362	-159.81	8.0276
605	-102.29	-20.952	3.6073
606	-29.389	-43.637	2.0655
607	12.798	-151.81	5.9621
608	-207.73	-20.862	12.431
609	19.137	-72.844	2.1095
610	-24.638	-35.388	0.59001
611	-36.714	-35.317	1.1034
612	-25.36	-107.47	3.2425
613	-28.26	-22.192	0.32301
614	-28.26	-22.192	0.32301
615	-28.26	-22.192	0.32301
616	-28.26	-22.192	0.32301
617	-28.26	-22.192	0.32301
618	-28.26	-22.192	0.32301
619	-111.73	88.502	5.8849
620	213.17	-79.917	13.06
621	-4.6045	-24.048	1.1207
622	-29.759	-48.587	1.7277
623	-1.5895	-66.533	2.0887
624	-109.22	-21.194	3.5372
625	57.146	-34.581	1.4726
626	-25.071	-303.73	23.803
627	-40.592	-44.068	2.8355
628	-17.739	-168.55	7.7457
629	-28.26	-22.192	0.32301
630	-28.26	-22.192	0.32301
631	-28.26	-22.192	0.32301
632	-28.26	-22.192	0.32301
633	-28.26	-22.192	0.32301
634	-28.26	-22.192	0.32301
635	26.945	134.64	5.8509
636	240.46	34.156	15.821
637	72.655	-27.487	3.2763
638	-27.282	-34.45	1.8741
639	-23.161	45.872	1.8644
640	7.3855	-19.696	1.0163
641	65.967	1.5379	2.5533
642	-26.267	-293.77	22.355
643	-38.41	-45.99	1.5568
644	-19.465	-114.3	3.8267
645	-28.26	-22.192	0.32301
646	-28.26	-22.192	0.32301
647	-28.26	-22.192	0.32301
648	135.75	165.09	11.727
649	240.67	107.03	18.665
650	113.8	-30.042	5.0242
651	-24.283	-15.3	1.3221
652	-42.543	120.9	5.2098
653	109.59	-19.093	4.6486
654	24.673	12.157	1.7951
655	-27.4	-99.306	3.9414
656	-35.294	-35.443	2.3643
657	-22.94	-37.052	1.7561
658	-28.26	-22.192	0.32301
659	-28.26	-22.192	0.32301
660	-28.26	-22.192	0.32301
661	-28.26	-22.192	0.32301
662	-28.26	-22.192	0.32301
663	-28.26	-22.192	0.32301
664	117.1	140.33	9.5224
665	100.07	111.06	7.4823
666	54.559	-27.237	2.3027
667	-19.782	1.5092	0.81064
668	-43.739	147.99	7.4996
669	166.02	-19.4	8.3461
670	-31.374	5.0677	2.1557
671	-27.689	140.93	6.6871
672	-30.794	-12.716	2.0151
673	-27.608	37.373	1.7547
674	-28.26	-22.192	0.32301
675	-28.26	-22.192	0.32301
676	-28.26	-22.192	0.32301
677	-28.26	-22.192	0.32301
678	-28.26	-22.192	0.32301
679	-28.26	-22.192	0.32301
680	75.972	74.159	4.2932
681	-79.722	50.251	3.008
682	-28.275	-23.979	1.026
683	-17.009	6.0883	0.97589
684	-33.683	63.189	2.773
685	125.78	-21.063	5.748
686	-76.781	-12.448	2.6642
687	-27.529	246.8	16.531
688	-26.521	6.0041	1.2664
689	-32.004	56.581	2.6171
690	-28.26	-22.192	0.32301
691	-28.26	-22.192	0.32301
692	-28.26	-22.192	0.32301
693	-28.26	-22.192	0.32301
694	-28.26	-22.192	0.32301
695	-28.26	-22.192	0.32301
696	23.044	-28.19	1.5633
697	-207.39	-20.654	12.309
698	-103.25	-21.422	3.0085
699	-15.671	-9.535	1.98
700	-14.008	-21.989	1.2969
701	35.085	-22.166	0.56725
702	-98.281	-30.939	3.0302
703	-27.537	161.51	8.0399
704	-24.759	11.648	1.5344
705	-35.076	3.2465	0.73426
706	-37.595	-113.27	4.5769
707	-227.74	-84.213	15.765
708	-141.15	-21.772	5.1717
709	-16.073	-28.983	1.2055
710	3.0218	-87.135	3.2436
711	-69.506	-23.146	3.0727
712	-68.889	-43.847	1.7737
713	-27.476	-8.7136	1.9004
714	-25.226	0.067695	0.1646
715	-34.576	-55.403	2.1602
716	-66.601	-102.46	3.9394
717	-150.74	-105.9	8.6148
718	-157.94	-23.259	7.856
719	-18.894	-31.742	2.2391
720	7.1977	-128.28	5.6894
721	-117.72	-19.443	4.5935
722	-4.5896	-29.809	1.1525
723	-25.369	-163.82	8.7666
724	-25.641	-10.215	0.67533
725	-28.851	-86.114	2.7595
726	-25.226	0.067709	0.1646
727	-78.213	-4.2693	1.5941
728	-11.613	-109.67	4.3561
729	-107.69	-20.661	4.2965
730	-24.469	-18.329	0.5067
731	-6.7376	-68.5	2.4138
732	-120.75	-7.701	4.5292
733	48.094	-5.3171	1.1244
734	-23.445	-224.08	13.714
735	-25.757	-13.633	2.0049
736	-22.926	-52.083	2.192
737	-25.226	0.067723	0.1646
738	-60.606	108.31	5.0768
739	121.51	-70.917	6.477
740	-17.062	-11.238	1.0844
741	-28.964	0.28757	1.9652
742	-23.045	21.654	0.79373
743	-43.41	5.5105	2.0909
744	66.84	12.299	1.6717
745	-22.712	-93.154	2.5511
746	-25.377	-10.75	0.94726
747	-20.15	10.669	1.0487
748	-25.226	0.067752	0.1646
749	-6.7503	144.78	6.4923
750	195.58	-12.982	11.281
751	54.249	-0.68399	2.3258
752	-30.084	12.167	1.4247
753	-29.54	92.334	3.1169
754	62.171	13.694	2.7764
755	50.356	17.463	0.73783
756	-23.312	50.574	1.6865
757	-24.933	-7.3795	0.6942
758	-23.29	50.601	1.6841
759	-25.226	0.067809	0.16459
760	39.445	90.117	3.5288
761	180.33	42.845	9.7224
762	69.888	2.4793	2.3525
763	-25.367	6.4825	1.2961
764	-22.408	124.01	5.85
765	146.23	9.3243	6.5078
766	4.6224	2.7919	0.97201
767	-24.675	143.4	5.715
768	-24.654	-0.86165	0.42421
769	-27.029	71.272	2.7697
770	-25.226	0.067924	0.16459
771	48.268	-0.33405	1.9849
772	99.491	88.397	4.9487
773	32.794	-3.3879	1.4123
774	-19.522	-7.0459	0.89906
775	-15.627	112.14	3.4791
776	97.672	-7.8017	4.0919
777	-40.204	-19.222	1.9132
778	-25.976	171.07	8.4944
779	-24.647	5.3621	1.8629
780	-29.843	26.096	1.3947
781	-25.226	0.068153	0.16457
782	3.6481	-59.007	1.319
783	-35.553	104.51	4.0853
784	-21.403	-16.537	1.7176
785	-13.969	-17.532	0.96036
786	-6.2118	66.569	3.1136
787	14.893	-27.765	1.734
788	-66.359	-34.542	3.1033
789	-26.866	17.869	1.4214
790	-25.038	9.9603	0.45978
791	-30.719	-20.694	1.7079
792	-25.225	0.06861	0.16454
793	-45.123	-83.909	3.6598
794	-142.93	62.034	7.0791
795	-72.028	-24.68	2.6169
796	-12.765	-26.638	0.23796
797	0.72974	14.56	1.5334
798	-66.703	-42.856	2.9016
799	-58.882	-44.076	3.0217
800	-26.172	-150.99	6.3643
801	-25.48	7.1591	0.85281
802	-30.17	-57.866	2.3827
803	-25.224	0.069526	0.16447
804	-67.894	-95.906	4.3599
805	-126.86	-5.8556	5.23
806	-97.335	-31.556	2.6705
807	-14.488	-26.028	1.5316
808	0.22218	-38.859	2.0592
809	-82.134	-42.026	3.243
810	-0.40187	-24.49	1.1149
811	-25.295	-216.6	13.589
812	-25.684	0.94363	0.49599
813	-28.414	-62.401	3.1556
814	-25.223	0.071357	0.16435
815	-60.384	-74.293	2.7983
816	-22.492	-63.479	2.6761
817	-74.86	-25.33	2.0542
818	-20.008	-24.847	1.1397
819	-13.975	-66.715	2.3225
820	-86.827	-23.481	3.285
821	49.873	0.86568	0.8657
822	-24.357	-137.17	6.5101
823	-25.751	-5.3015	1.8419
824	-26.841	-46.062	1.7659
825	-25.219	0.075019	0.16411
826	-37.91	-23.648	2.0159
827	81.154	-75.44	4.9319
828	-27.903	-9.4834	2.0671
829	-26.519	-20.455	1.3393
830	-23.178	-35.865	1.8208
831	-51.987	-6.8527	1.7073
832	58.81	21.351	1.4569
833	-23.672	2.224	1.1415
834	-25.58	-8.6897	0.28941
835	-25.018	-22.117	2.2699
836	-25.212	0.082343	0.16371
837	-9.1469	18.246	2.0122
838	140.3	-52.079	6.905
839	12.624	5.4074	1.8222
840	-30.419	-14.523	1.6446
841	-27.843	4.9705	0.35392
842	-8.2346	6.846	1.0763
843	48.258	22.145	1.2827
844	-23.75	122.94	4.8235
845	-25.267	-8.5352	0.21712
846	-24.647	5.8234	1.6558
847	-25.197	0.096992	0.16313
848	19.915	13.754	1.609
849	107.73	-28.045	3.7599
850	30.168	14.267	1.528
851	-33.713	-9.6168	1.8849
852	-31.445	39.134	2.4537
853	37.811	5.4247	2.1285
854	4.6244	7.2648	1.0547
855	-24.017	140.48	5.9169
856	-24.947	-5.0435	2.0575
857	-25.25	16.041	0.88611
858	-25.168	0.12629	0.16295
859	31.261	-26.481	0.43932
860	22.236	0.98107	1.8697
861	15.992	3.131	0.49069
862	-30.354	-10.264	0.98333
863	-32.388	45.844	1.4835
864	62.386	-7.837	1.3232
865	-46.456	-15.229	1.4206
866	-24.632	103.53	4.343
867	-24.718	-1.2458	0.57069
868	-26.552	15.712	1.2208
869	-25.109	0.18488	0.16644
870	-25.226	0.067695	0.1646
871	-25.109	0.12629	0.16188
872	35.301	-53.834	2.7232
873	-57.609	26.084	1.5504
874	-11.423	-18.604	0.77425
875	-27.058	-11.2	1.1916
876	-30.487	25.936	0.87803
877	50.757	-18.414	0.93679
878	-73.763	-30.455	2.5339
879	-25.274	58.444	2.8893
880	-24.801	3.1227	1.7187
881	-27.734	6.8464	1.3141
882	-25.05	0.18488	0.16878
883	-25.168	0.067695	0.16011
884	37.966	-54.536	1.4774
885	-105.34	39.713	4.265
886	-48.482	-31.541	1.6353
887	-18.906	-10.07	0.44654
888	-26.954	3.301	1.0128
889	14.043	-26.179	1.1318
890	-68.732	-33.884	2.1086
891	-25.61	-27.818	0.75181
892	-25.033	5.4767	1.905
893	-28.514	-15.828	1.4558
894	-25.109	0.12629	0.16188
895	-25.226	0.009101	0.16348
896	-25.109	0.067695	0.15904
897	12.108	-32.437	1.8247
898	-120.13	29.611	5.1896
899	-64.152	-27.589	2.0227
900	-12.438	-8.2793	0.15378
901	-23.374	-16.538	1.3252
902	-26.307	-23.487	1.5513
903	-23.316	-19.08	1.3736
904	-25.537	-95.864	3.2405
905	-25.298	3.6417	1.9956
906	-28.894	-36.127	2.2808
907	-11.606	-1.8313	0.87849
908	-23.509	5.0479	1.0967
909	-37.296	-23.573	2.0136
910	-6.7229	-6.6966	1.0019
911	-20.122	-23.717	1.3848
912	-42.261	-15.866	1.5426
913	23.964	-5.2868	1.4744
914	-21.314	-126.07	5.3839
915	-20.649	-1.2426	1.2519
916	-23.656	-45.791	1.6105
917	-12.321	-8.1622	0.20874
918	-12.556	-8.3965	0.11633
919	-23.035	19.831	1.2883
920	63.927	-19.137	1.853
921	-2.6668	-17.838	1.9697
922	-4.8976	-6.7282	1.009
923	-16.884	-16.809	1.4405
924	-36.147	-9.706	1.3348
925	59.299	1.9699	2.0436
926	-13.891	-105.77	3.6452
927	-16.463	-8.3322	1.7583
928	-18.498	-51.672	1.3794
929	-12.438	-8.2793	0.15378
930	-12.673	-8.5137	0.098146
931	-12.492	28.504	0.98114
932	101.54	-36.889	3.6079
933	24.983	-12.85	2.13
934	-9.3394	-7.7364	1.7218
935	-17.151	0.022784	1.2005
936	-24.419	-6.0509	1.4758
937	46.772	2.5104	1.358
938	-12.172	-20.554	1.4992
939	-15.071	-12.656	0.38217
940	-15.857	-49.145	0.69618
941	-12.438	-8.2793	0.15378
942	-12.907	-8.7481	0.12277
943	-12.438	-8.5137	0.099092
944	-12.673	-8.2793	0.15297
945	-12.907	-8.5137	0.14973
946	-12.673	-8.7481	0.069654
947	10.065	-2.0494	1.1237
948	100.07	-41.342	4.4448
949	31.061	-11.466	1.5095
950	-15.324	-9.518	1.9173
951	-20.607	14.83	1.0708
952	8.1307	-6.0129	0.9041
953	19.964	-12.057	1.4105
954	-10.867	57.295	1.7285
955	-16.274	-12.788	0.32384
956	-12.67	-25.698	0.43077
957	-12.438	-8.5137	0.099092
958	-12.907	-8.9825	0.12155
959	-12.438	-8.7481	0.070675
960	-12.673	-8.5137	0.098146
961	-12.907	-8.7481	0.12277
962	-12.673	-8.9825	0.068309
963	24.512	-29.738	1.836
964	39.959	-25.751	2.0748
965	17.288	-12.982	1.1254
966	-19.966	-11.038	1.1088
967	-25.902	24.488	1.2911
968	33.04	-8.3947	1.3409
969	-7.2568	-25.514	0.78755
970	-17.305	78.545	2.6032
971	-17.125	-7.7786	1.1972
972	-10.979	0.16895	1.047
973	-12.204	-8.5137	0.15243
974	-13.142	-9.4512	0.29262
975	-12.204	-8.9825	0.1245
976	-12.673	-8.5137	0.098146
977	-13.142	-8.9825	0.22624
978	-12.673	-9.4512	0.14657
979	30.519	-45.103	1.1873
980	-49.508	0.27386	0.89968
981	-12.237	-16.351	0.59676
982	-20.451	-10.605	1.1432
983	-25.957	17.797	0.56834
984	51.427	-13.159	2.0995
985	-19.796	-31.653	1.8887
986	-25.545	70.438	1.5821
987	-17.647	-2.6116	1.1777
988	-11.811	12.463	1.6695
989	-12.438	-8.7481	0.070675
990	-12.907	-9.2168	0.14613
991	-12.438	-8.9825	0.069336
992	-12.673	-8.7481	0.069654
993	-12.907	-8.9825	0.12155
994	-12.673	-9.2168	0.094175
995	23.582	-37.668	1.4924
996	-125.29	18.896	4.361
997	-40.779	-20.807	0.9805
998	-18.435	-9.5765	0.29975
999	-21.848	-0.68155	1.9966
1000	39.011	-18.679	1.2622
1001	-13.548	-28.959	1.2872
1002	-27.218	26.867	1.8524
1003	-17.482	-0.21382	0.87728
1004	-16.537	9.5962	1.6836
1005	-12.556	-8.8653	0.059222
1006	6.9231	-27.013	0.41743
1007	-148.33	17.325	7.3153
1008	-50.497	-24.307	1.8735
1009	-14.716	-8.2136	1.5571
1010	-19.157	-18.663	0.40908
1011	25.044	-20.459	1.5841
1012	-6.2314	-21.472	1.9891
1013	-27.977	-44.454	2.6455
1014	-16.952	0.69192	1.3556
1015	-25.058	-0.8531	0.33597
1016	-12.438	-8.7481	0.070675
1017	-12.673	-8.9825	0.068309
1018	-12.438	-8.8653	0.066599
1019	-12.556	-8.7481	0.063335
1020	-12.673	-8.8653	0.065566
1021	-12.556	-8.9825	0.061976
1022	-7.9478	-11.103	1.0469
1023	-102.97	1.8147	3.8673
1024	-43.971	-27.993	1.0932
1025	-9.9179	-7.5484	1.5543
1026	-17.828	-23.635	1.499
1027	7.7996	-21.174	1.1676
1028	5.0246	-9.8409	0.79081
1029	-26.861	-85.673	2.9166
1030	-16.666	1.1306	1.4707
1031	-27.027	-21.102	1.0695
1032	-12.497	-8.8067	0.062393
1033	-12.614	-8.9239	0.061198
1034	-12.497	-8.8653	0.061198
1035	-12.556	-8.8067	0.060421
1036	-12.614	-8.8653	0.060679
1037	-12.556	-8.9239	0.05974
1038	-17.145	-2.7243	1.0291
1039	-39.482	-15.88	1.5014
1040	-24.489	-25.4	0.80721
1041	-6.2621	-7.3308	0.56934
1042	-18.839	-14.448	1.8436
1043	-14.353	-17.393	1.3332
1044	16.448	-0.026811	1.8061
1045	-24.122	-77.363	2.7855
1046	-17.616	-3.2426	1.2988
1047	-21.967	-38.031	1.2947
1048	-12.526	-8.836	0.060165
1049	-12.585	-8.8946	0.059566
1050	-12.526	-8.8653	0.059781
1051	-12.556	-8.836	0.059607
1052	-12.585	-8.8653	0.059521
1053	-12.556	-8.8946	0.059266
1054	-18.527	3.0616	1.619
1055	22.465	-27.28	2.1172
1056	-2.1077	-16.926	1.4954
1057	-6.941	-8.5437	0.26202
1058	-19.73	0.7324	0.54448
1059	-13.391	-13.85	1.7262
1060	19.365	4.5025	1.9679
1061	-16.687	-43.504	1.9857
1062	-17.846	-6.4036	1.1884
1063	-17.967	-42.539	1.3856
1064	-12.541	-8.8506	0.059533
1065	-12.57	-8.8799	0.059233
1066	-12.541	-8.8653	0.059394
1067	-12.556	-8.8506	0.05936
1068	-12.57	-8.8653	0.059264
1069	-12.556	-8.8799	0.05919
1070	-9.9961	2.5808	0.81518
1071	72.132	-18.501	3.2494
1072	12.126	-7.6383	0.47641
1073	-11.152	-9.6926	0.92384
1074	-19.972	13.136	1.5727
1075	0.77946	-8.9251	0.30905
1076	16.907	3.742	0.75565
1077	-11.708	-9.8513	0.55162
1078	-17.661	-9.5377	0.76687
1079	-12.019	-37.647	1.3197
1080	-12.541	-8.8653	0.059394
1081	-12.57	-8.8946	0.059309
1082	-12.541	-8.8799	0.059363
1083	-12.556	-8.8653	0.059222
1084	-12.57	-8.8799	0.059233
1085	-12.556	-8.8946	0.059266
1086	3.0961	-7.4037	1.5149
1087	101.31	-6.096	3.8534
1088	4.5443	-2.3591	0.9903
1089	-15.802	-10.272	1.6434
1090	-19.916	22.087	1.702
1091	10.051	-4.5725	0.22362
1092	9.8412	-4.2041	0.12708
1093	-7.3599	20.179	1.1776
1094	-18.391	-9.3037	0.24854
1095	-14.179	-19.187	1.1648
1096	-12.548	-8.8726	0.059252
1097	-12.563	-8.8873	0.059209
1098	-12.548	-8.8799	0.05925
1099	-12.556	-8.8726	0.059193
1100	-12.563	-8.8799	0.059185
1101	10.018	-22.171	0.31901
1102	46.496	5.7861	1.0778
1103	-17.792	-5.887	1.3444
1104	-18.881	-10.193	0.51333
1105	-19.482	23.557	1.7032
1106	7.5133	-2.3757	1.0519
1107	-7.1044	-13.406	1.7379
1108	-5.347	40.173	1.9983
1109	-20.359	-7.3093	1.0902
1110	-17.041	0.7949	1.2722
1111	-12.556	-8.8726	0.059193
1112	-12.57	-8.8873	0.059257
1113	-12.556	-8.8799	0.05919
1114	-12.563	-8.8726	0.059187
1115	-12.57	-8.8799	0.059233
1116	-12.563	-8.8873	0.059209
1117	7.5119	-29.823	1.4441
1118	-70.424	13.009	2.5344
1119	-37.645	-14.579	2.0404
1120	-18.101	-9.539	0.44863
1121	-20.468	17.132	1.2205
1122	1.4462	-4.3666	1.1294
1123	-20.96	-17.918	1.7011
1124	-9.5435	31.17	0.27393
1125	-19.969	-4.2546	1.5363
1126	-23.796	13.463	1.4178
1127	-12.559	-8.8763	0.059179
1128	2.2904	-28.767	1.2604
1129	-152.13	6.7146	6.7889
1130	-44.44	-22.721	2.4631
1131	-12.513	-8.6711	0.070861
1132	-23.141	7.7932	1.4416
1133	-7.6375	-8.2828	0.83617
1134	-20.429	-17.994	1.1941
1135	-14.052	20.968	1.2132
1136	-20.662	-2.2581	1.1018
1137	-29.321	8.0315	1.6432
1138	-12.556	-8.8726	0.059193
1139	-12.563	-8.8799	0.059185
1140	-12.556	-8.8763	0.059188
1141	-12.559	-8.8726	0.059183
1142	-12.563	-8.8763	0.059182
1143	-12.559	-8.8799	0.059181
1144	-4.0936	-15.334	0.97479
1145	-183.2	-2.6797	9.5681
1146	-37.641	-24.988	1.1307
1147	-7.6173	-8.0003	0.84049
1148	-22.808	-6.5941	1.107
1149	-16.749	-11.694	0.9005
1150	-12.037	-9.3976	0.25131
1151	-16.614	6.037	0.81328
1152	-19.842	-3.6469	1.5641
1153	-27.356	-6.9719	1.3302
1154	-12.557	-8.8744	0.059183
1155	-12.561	-8.8781	0.059179
1156	-12.557	-8.8763	0.059182
1157	-12.559	-8.8744	0.05918
1158	-12.561	-8.8763	0.059179
1159	-12.559	-8.8781	0.059179
1160	-6.6394	-6.2389	1.2985
1161	-97.745	-11.886	2.9333
1162	-21.416	-25.011	1.6028
1163	-5.1155	-7.8082	0.738
1164	-19.375	-14.83	1.5705
1165	-23.839	-11.143	1.18
1166	4.519	-1.631	1.0837
1167	-15.763	-7.4288	1.5898
1168	-18.562	-6.1343	1.4466
1169	-24.369	-22.718	1.9547
1170	-12.558	-8.8754	0.05918
1171	-12.56	-8.8772	0.059178
1172	-7.5042	-7.2849	0.88175
1173	32.236	-17.663	0.65776
1174	-5.2975	-21.691	1.6396
1175	-8.843	-8.0089	1.7156
1176	-16.547	-10.124	1.5218
1177	-19.404	-6.958	0.93092
1178	14.697	3.8221	0.57676
1179	-12.012	-9.0333	0.21108
1180	-16.891	-6.1151	0.93761
1181	-18.013	-32.022	1.8699
1182	-12.559	-8.8763	0.059179
1183	-12.561	-8.8781	0.059179
1184	-12.559	-8.8772	0.059178
1185	-12.56	-8.8763	0.059178
1186	-12.561	-8.8772	0.059179
1187	-12.56	-8.8781	0.059179
1188	-7.2033	-15.668	1.0238
1189	138.89	-21.805	6.697
1190	0.090568	-14.409	1.771
1191	-12.771	-8.6279	0.09655
1192	-13.768	-4.2164	1.4084
1193	-12.052	-2.5095	1.214
1194	21.449	7.7793	1.7378
1195	-8.8387	-10.399	1.4467
1196	-14.768	-6.8122	1.1277
1197	-13.45	-36.849	1.002
1198	-12.56	-8.8767	0.059178
1199	-12.561	-8.8776	0.059179
1200	-12.56	-8.8772	0.059178
1201	-12.56	-8.8767	0.059178
1202	-2.9908	-25.581	1.8816
1203	184.87	-20.515	9.33
1204	-3.3236	-6.6836	1.0273
1205	-16.141	-9.3424	1.9476
1206	-17.946	3.2484	1.4941
1207	2.6629	1.2022	1.5879
1208	25.968	-0.47452	0.53506
1209	-9.1619	-10.81	1.2516
1210	-13.493	-8.2175	0.52771
1211	-11.789	-25.961	0.57541
1212	-12.56	-8.8763	0.059178
1213	-12.561	-8.8772	0.059178
1214	-12.56	-8.8767	0.059178
1215	-12.56	-8.8763	0.059178
1216	-12.561	-8.8767	0.059178
1217	-12.56	-8.8772	0.059178
1218	-0.52983	-29.973	1.8279
1219	186.66	-13.37	9.4955
1220	-20.275	-8.65	0.97863
1221	-15.942	-9.7009	1.9026
1222	-24.57	9.2319	0.3518
1223	16.55	0.348	1.7144
1224	24.704	-9.1416	0.27885
1225	-10.829	-9.7893	1.1864
1226	-12.901	-7.635	0.45764
1227	-13.571	-9.3642	0.56206
1228	-12.56	-8.8765	0.059178
1229	-12.56	-8.877	0.059178
1230	-12.56	-8.8767	0.059178
1231	1.4584	-23.017	1.2275
1232	65.914	-6.9109	2.2713
1233	-38.11	-13.527	2.3165
1234	-14.166	-9.6246	1.0985
1235	-27.927	8.9639	2.1539
1236	21.754	-1.9693	1.2917
1237	11.744	-14.437	1.5688
1238	-13.233	-8.4994	0.30534
1239	-13.694	-4.5631	1.4797
1240	-21.013	1.8201	1.2676
1241	-12.56	-8.8765	0.059178
1242	-12.56	-8.877	0.059178
1243	-12.56	-8.8767	0.059178
1244	-12.56	-8.8765	0.059178
1245	-12.56	-8.8767	0.059178
1246	-12.56	-8.877	0.059178
1247	1.3769	-9.5527	0.85165
1248	-60.525	-1.578	2.2114
1249	-43.275	-22.398	2.3474
1250	-12.423	-8.9816	0.071314
1251	-26.51	1.6756	1.1039
1252	20.709	-4.6145	0.8296
1253	-9.7196	-13.145	0.11801
1254	-15.075	-7.6146	1.5733
1255	-14.137	-1.9959	1.0509
1256	-28.934	-3.5355	0.5796
1257	-12.56	-8.8767	0.059178
1258	-12.56	-8.8772	0.059178
1259	-12.56	-8.877	0.059178
1260	-12.56	-8.8767	0.059178
1261	-12.56	-8.877	0.059178
1262	-12.56	-8.8772	0.059178
1263	-0.55863	-0.98603	0.35024
1264	-128.46	-0.83271	5.9071
1265	-36.441	-28.662	1.4904
1266	-11.012	-8.3384	1.0323
1267	-19.48	-4.5587	1.9052
1268	8.6944	-8.0289	1.6473
1269	-29.273	-11.485	1.1043
1270	-15.347	-7.4737	1.5795
1271	-19.079	1.1249	0.4097
1272	-29.099	-13.444	0.58045
1273	-12.56	-8.8768	0.059178
1274	-12.56	-8.8771	0.059178
1275	-12.56	-8.877	0.059178
1276	-12.56	-8.8768	0.059178
1277	-2.6117	3.8524	0.21668
1278	-121.87	-5.2658	4.055
1279	-21.53	-28.734	1.4138
1280	-10.207	-8.1911	1.6683
1281	-13.078	-7.3501	0.64974
1282	-9.8114	-11.225	0.97865
1283	-40.601	-10.192	2.0235
1284	-13.56	-7.7237	0.68952
1285	-22.425	2.1753	1.1565
1286	-22.893	-24.989	1.5238
1287	-12.56	-8.8767	0.059178
1288	-12.56	-8.877	0.059178
1289	-8.139	3.2712	0.82914
1290	-83.5	-16.72	2.9933
1291	-10.488	-24.977	1.3649
1292	-10.965	-8.3702	1.0761
1293	-8.6623	-8.2837	1.6945
1294	-20.582	-12.194	1.0313
1295	-28.474	-9.5986	2.084
1296	-11.266	-8.2675	0.80655
1297	-22.959	0.63304	1.6427
1298	-14.615	-27.239	1.6604
1299	-12.56	-8.8768	0.059178
1300	-12.56	-8.8771	0.059178
1301	-12.56	-8.877	0.059178
1302	-12.56	-8.8768	0.059178
1303	-11.524	0.69978	0.58998
1304	38.281	-25.295	1.0496
1305	-5.123	-17.189	0.71461
1306	-12.62	-8.859	0.061066
1307	-6.8273	-5.1656	1.7646
1308	-15.843	-11.119	1.0854
1309	-11.787	-8.7186	0.34724
1310	-9.7251	-9.1187	1.9868
1311	-23.24	-2.356	1.1063
1312	-12.238	-22.012	2.0955
1313	-12.56	-8.8767	0.059178
1314	-12.56	-8.877	0.059178
1315	-12.56	-8.8768	0.059178
1316	-12.56	-8.8767	0.059178
1317	-12.56	-8.8768	0.059178
1318	-12.56	-8.877	0.059178
1319	-10.518	-3.7527	0.62507
1320	134.77	-24.913	6.0103
1321	-13.127	-14.649	1.6006
1322	-14.022	-9.299	0.96037
1323	-13.656	0.64059	0.63041
1324	-2.6093	-6.4546	0.88483
1325	2.8436	-9.6934	1.8298
1326	-9.3191	-9.8086	1.8359
1327	-20.576	-7.2448	1.1808
1328	-11.901	-16.249	0.72846
1329	-12.56	-8.8768	0.059178
1330	-12.56	-8.8769	0.059178
1331	-12.56	-8.8768	0.059178
1332	-7.6526	-7.7513	0.8906
1333	169.06	-16.848	7.5554
1334	-26.388	-14.244	1.4726
1335	-14.634	-9.4313	1.5175
1336	-20.833	2.0582	1.1557
1337	13.118	-3.1376	1.5594
1338	8.6257	-12.051	0.6234
1339	-10.808	-9.6938	1.2095
1340	-18.284	-8.4492	0.29682
1341	-13.363	-11.95	1.473
1342	-12.56	-8.8768	0.059178
1343	-12.56	-8.8769	0.059178
1344	-5.2452	-9.6	0.58539
1345	92.854	-9.1528	3.0038
1346	-36.16	-17.086	1.3719
1347	-13.727	-9.1233	0.67487
1348	-26.469	2.2432	1.18
1349	19.863	-2.9819	1.3718
1350	5.26	-13.807	1.5457
1351	-12.556	-9.3574	0.11644
1352	-15.093	-5.7659	0.58055
1353	-18.994	-12.418	1.9199
1354	-12.56	-8.8768	0.059178
1355	-12.56	-8.877	0.059178
1356	-12.56	-8.8769	0.059178
1357	-4.6661	-5.6023	0.98173
1358	-17.692	-3.6296	1.4189
1359	-35.496	-19.73	1.5214
1360	-12.098	-8.7528	0.16746
1361	-27.016	0.90023	1.4295
1362	20.536	-3.5295	1.0165
1363	-6.6704	-14.835	1.5145
1364	-14.09	-8.9266	1.022
1365	-12.637	-3.7208	1.9137
1366	-24.991	-14.518	1.8689
1367	-12.56	-8.8768	0.059178
1368	-12.56	-8.877	0.059178
1369	-12.56	-8.8769	0.059178
1370	-12.56	-8.8768	0.059178
1371	-12.56	-8.8769	0.059178
1372	-12.56	-8.877	0.059178
1373	-5.9208	-0.76716	0.20809
1374	-101.48	-5.6281	3.9709
1375	-28.935	-23.675	0.94456
1376	-10.966	-8.4329	1.0756
1377	-23.594	-2.6432	1.1502
1378	8.4687	-5.0443	0.49896
1379	-18.942	-13.717	2.0952
1380	-14.517	-8.5558	1.432
1381	-10.689	-3.336	0.81737
1382	-30.734	-18.359	0.61019
1383	-12.56	-8.8769	0.059178
1384	-12.56	-8.8769	0.059178
1385	-12.56	-8.8769	0.059178
1386	-12.56	-8.8769	0.059178
1387	-12.56	-8.8769	0.059178
1388	-7.3384	2.2698	1.0316
1389	-87.197	-13.873	3.6163
1390	-19.533	-21.577	1.9095
1391	-11.247	-8.5546	0.80786
1392	-20.979	-3.8883	0.62425
1393	-7.8181	-7.9674	1.0026
1394	-26.864	-10.858	1.2379
1395	-13.825	-8.4673	0.77188
1396	-11.441	-3.3203	1.3378
1397	-30.441	-22.027	1.9093
1398	-12.56	-8.8769	0.059178
1399	-12.56	-8.8769	0.059178
1400	-12.56	-8.8769	0.059178
1401	-12.56	-8.8769	0.059178
1402	-12.56	-8.8769	0.059178
1403	-12.56	-8.8769	0.059178
1404	-8.0467	3.4602	0.87206
1405	-26.365	-21.396	1.5666
1406	-12.096	-18.002	0.23792
1407	-11.936	-8.8752	0.24737
1408	-18.63	-2.8884	1.5323
1409	-22.538	-10.409	1.5589
1410	-30.856	-8.5367	0.43446
1411	-12.576	-8.5858	0.080429
1412	-15.349	-3.1047	0.51391
1413	-26.145	-19.639	1.1359
1414	-12.56	-8.8769	0.059178
1415	-12.56	-8.8769	0.059178
1416	-12.56	-8.8769	0.059178
1417	-12.56	-8.8769	0.059178
1418	-9.5609	-2.1665	1.0625
1419	31.941	-26.351	0.58354
1420	-5.7196	-12.417	1.7223
1421	-12.834	-9.1559	0.11534
1422	-18.453	1.1975	0.47447
1423	-31.599	-10.112	0.63899
1424	-21.782	-7.5967	1.7323
1425	-11.477	-8.8184	0.58942
1426	-17.945	-2.1119	1.0338
1427	-20.184	-15.533	1.165
1428	-12.56	-8.8769	0.059178
1429	-12.56	-8.8769	0.059178
1430	-12.56	-8.8769	0.059178
1431	-12.56	-8.8769	0.059178
1432	-12.56	-8.8769	0.059178
1433	-12.56	-8.8769	0.059178
1434	-11.598	-9.1019	0.49427
1435	72.179	-30.512	1.6231
1436	-4.126	-7.9136	1.4476
1437	-13.451	-9.2617	0.45558
1438	-18.237	5.9625	1.4816
1439	-28.179	-7.2378	1.6043
1440	-5.9417	-9.2451	0.11818
1441	-10.953	-8.9949	1.093
1442	-20.244	-1.1349	0.98081
1443	-15.866	-13.694	0.155
1444	-11.763	-13.295	1.7731
1445	73.189	-24.636	2.5751
1446	-6.35	-8.3507	0.10032
1447	-13.546	-9.0313	0.51182
1448	-17.1	8.6225	1.2663
1449	-13.509	-4.8024	1.6201
1450	5.6161	-11.742	1.3831
1451	-11.777	-9.1427	0.36261
1452	-23.712	-2.3735	1.158
1453	-11.053	-10.791	1.047
1454	-9.282	-14.72	0.52772
1455	52.349	-15.726	1.8079
1456	-9.4099	-8.9071	2.0417
1457	-12.719	-8.7784	0.07423
1458	-19.289	9.2558	0.24013
1459	0.88469	-2.6609	1.1957
1460	7.6878	-13.107	1.2211
1461	-12.987	-9.1406	0.16486
1462	-24.349	-3.1555	1.5851
1463	-8.1758	-8.0705	1.2981
1464	-7.629	-8.6242	0.81385
1465	6.9151	-8.3748	0.27471
1466	-11.839	-9.2643	0.33604
1467	-11.901	-8.5903	0.28456
1468	-18.615	4.0719	2.0301
1469	12.368	-3.0153	1.5624
1470	0.79346	-13.03	1.7284
1471	-13.683	-8.9281	0.62797
1472	-20.844	-5.2115	0.76368
1473	-6.5457	-8.2682	0.15267
1474	-6.0391	-0.56977	0.11652
1475	-35.426	-2.0733	1.3823
1476	-12.078	-9.3874	0.23048
1477	-11.53	-8.6751	0.54822
1478	-17.876	-2.5171	1.1982
1479	10.628	-6.5825	1.0183
1480	-8.6925	-12.699	0.38797
1481	-13.707	-8.7221	0.65153
1482	-14.876	-5.5556	0.58745
1483	-6.442	-8.7273	0.048197
1484	-4.6894	3.6755	0.98923
1485	-44.043	2.9738	1.9935
1486	-8.554	-9.1933	1.6685
1487	-8.7837	-8.7876	1.8381
1488	-14.531	-8.4975	1.4405
1489	0.69253	-9.6408	0.36084
1490	-17.139	-10.768	1.1356
1491	-13.232	-8.5044	0.30367
1492	-12.645	-4.2601	2.0331
1493	-6.3515	-9.1283	0.047884
1494	-4.3592	2.2007	1.011
1495	-26.911	0.41678	1.3779
1496	-3.9879	-8.747	1.6827
1497	-7.7917	-8.9807	0.97323
1498	-8.6845	-13.487	0.33064
1499	-6.2346	-10.67	0.73443
1500	-17.271	-9.3598	1.1036
1501	-11.224	-8.3941	0.836
1502	-11.595	-3.6611	1.5171
1503	-6.2724	-9.4785	0.11889
1504	-6.3515	-9.1283	0.047878
1505	-5.163	-3.973	1.4223
1506	-1.3385	-8.5992	0.79346
1507	-1.3938	-8.2705	0.85792
1508	-8.6165	-9.1656	1.7169
1509	-5.4129	-15.818	0.94866
1510	-5.9268	-9.6655	0.23387
1511	-11.9	-9.813	0.43617
1512	-9.088	-8.7043	1.9757
1513	-9.3894	-3.6902	0.16429
1514	-6.234	-9.7022	0.19632
1515	-6.3514	-9.1282	0.047872
1516	-6.2786	-9.6722	0.18391
1517	19.726	-16.638	0.72174
1518	-2.4038	-8.1875	1.6698
1519	-10.343	-9.213	1.6393
1520	-9.8242	-15.52	1.0647
1521	-5.2977	-8.1258	0.54894
1522	-5.585	-11.445	1.2218
1523	-6.1789	-8.9585	0.036352
1524	-11.972	-3.5297	1.7009
1525	-6.2605	-9.6639	0.18096
1526	-7.1295	-13.286	1.7193
1527	25.77	-20.296	1.4399
1528	-5.7016	-8.2465	0.27344
1529	-12.357	-9.1827	0.1026
1530	-12.917	-13.455	2.0224
1531	-4.1245	-6.6636	1.0151
1532	-2.1832	-12.211	0.63406
1533	-3.6408	-9.1802	1.8834
1534	-13.054	-2.7557	1.3704
1535	-6.3024	-9.2819	0.070627
1536	-6.1788	-8.9583	0.036359
1537	-6.179	-8.9586	0.036345
1538	-7.2931	-10.533	0.83095
1539	16.875	-15.838	1.2134
1540	-8.7947	-8.6067	1.8302
1541	-13.03	-9.0877	0.17766
1542	-15.852	-9.9176	1.8251
1543	-2.8151	-5.7579	0.44392
1544	-4.3879	-12.571	0.77016
1545	-2.1327	-9.2536	1.5374
1546	-13.891	-2.521	1.101
1547	-6.3454	-8.7835	0.033899
1548	-6.9795	-6.0725	1.3332
1549	3.0173	-7.123	1.3312
1550	-9.3144	-8.8748	2.0353
1551	-10.366	-8.8526	1.6351
1552	-16.401	-4.7988	0.32787
1553	-0.24045	-5.661	1.6407
1554	-8.071	-12.752	0.85925
1555	-3.1398	-9.1214	2.0094
1556	-17.954	-3.4614	1.5638
1557	-6.383	-8.3488	0.10344
1558	-6.3452	-8.7833	0.033894
1559	-6.3662	-0.61445	0.10626
1560	-8.2806	-0.30141	1.4216
1561	-8.3335	-8.8937	1.4985
1562	-7.1388	-8.6189	0.38717
1563	-14.293	3.618	0.92476
1564	2.9418	-5.7916	0.44338
1565	-11.604	-12.138	1.4508
1566	-6.8366	-8.9292	0.18127
1567	-17.185	-4.3131	0.98526
1568	-6.4007	-8.3002	0.11828
1569	-6.345	-8.783	0.03389
1570	-5.8312	0.97373	0.31409
1571	-11.667	4.0753	1.6396
1572	-6.4168	-8.7795	0.041271
1573	-4.3922	-8.5266	1.3276
1574	-8.7978	8.0466	1.7069
1575	3.84	-5.8733	0.60594
1576	-13.037	-10.824	0.89458
1577	-9.7695	-8.6961	1.9755
1578	-19.523	-2.9888	1.5011
1579	-6.3965	-8.5198	0.067869
1580	-6.3445	-8.7826	0.033882
1581	-5.6357	0.54048	0.26797
1582	-10.76	3.8504	0.81943
1583	-4.7315	-8.6811	1.0055
1584	-4.7547	-8.6002	0.98269
1585	-8.4219	3.8162	0.53543
1586	4.2993	-5.7176	0.76367
1587	-10.739	-10.147	1.2138
1588	-10.294	-8.5738	1.6749
1589	-17.381	-3.2286	1.1449
1590	-6.3698	-8.7998	0.035094
1591	-6.3436	-8.7817	0.033867
1592	-6.0459	-3.4543	1.7562
1593	-3.5378	-2.9617	0.5442
1594	-4.4893	-8.6141	1.2408
1595	-8.9992	-8.7125	1.9432
1596	-11.911	-0.020417	0.24257
1597	2.7432	-6.8675	1.1457
1598	-7.0001	-10.382	0.66926
1599	-10.246	-8.5902	1.7109
1600	-18.47	-3.8137	1.9274
1601	-6.3311	-9.0314	0.036852
1602	-6.3418	-8.7798	0.033841
1603	-6.6136	-6.0428	1.4225
1604	6.6443	-12.035	1.6178
1605	-4.7495	-8.5853	0.98784
1606	-13.821	-8.8179	0.75664
1607	-15.68	-6.3823	0.87359
1608	1.8012	-7.2834	1.1109
1609	-3.487	-11.28	0.92006
1610	-8.8432	-8.7472	1.8703
1611	-19.501	-4.2601	1.8884
1612	-6.304	-9.026	0.035426
1613	-6.3381	-8.7762	0.033803
1614	-6.9757	-6.8563	0.91978
1615	14.398	-17.838	1.3888
1616	-5.632	-8.7328	0.2363
1617	-15.877	-8.8942	2.0686
1618	-15.731	-11.194	1.0317
1619	-0.35209	-7.0741	0.74437
1620	-2.9566	-12.154	0.37595
1621	-5.5423	-8.9285	0.29009
1622	-17.993	-4.7703	1.7244
1623	-6.2908	-8.8288	0.030221
1624	-6.7315	-6.4957	1.1291
1625	7.9608	-20.419	1.0885
1626	-6.7613	-8.8769	0.14328
1627	-14.015	-8.937	0.94691
1628	-12.807	-9.6576	0.23419
1629	-1.0019	-7.3146	0.77455
1630	-6.4608	-11.961	1.6048
1631	-2.8572	-9.0865	1.9729
1632	-14.334	-3.6823	0.88676
1633	-6.2793	-8.6572	0.041633
1634	-6.2761	-8.8141	0.030577
1635	-6.3054	-8.8434	0.030187
1636	-6.4507	-6.6368	1.0406
1637	-1.418	-14.051	1.1826
1638	-7.5698	-8.9438	0.75422
1639	-9.0826	-8.9387	1.982
1640	-9.9565	-8.1027	1.7744
1641	0.96298	-7.7617	0.61531
1642	-10.97	-11	1.0623
1643	-1.6667	-9.1194	1.116
1644	-12.214	-4.9522	1.9216
1645	-6.2846	-8.6721	0.040066
1646	-6.2908	-8.8288	0.030221
1647	-6.3201	-8.8581	0.030475
1648	-6.2908	-8.8434	0.029922
1649	-6.1143	-5.3913	1.7889
1650	-10.145	-6.9295	1.1778
1651	-8.0298	-8.8847	1.2108
1652	-5.166	-8.9027	0.58831
1653	-7.4891	-7.7558	0.78018
1654	0.95839	-6.8709	0.92835
1655	-12.409	-10.478	0.64089
1656	-1.5351	-9.0248	0.98541
1657	-10.423	-5.6927	0.6915
1658	-6.2937	-8.76	0.033093
1659	-6.2761	-8.8288	0.030171
1660	-6.3054	-8.8581	0.029995
1661	-6.2761	-8.8434	0.029872
1662	-5.9418	-3.4811	1.7445
1663	-8.8889	-1.3898	1.4972
1664	-6.9331	-8.8315	0.23596
1665	-3.804	-8.857	1.8116
1666	-7.435	-8.257	0.66362
1667	-0.22155	-6.5222	1.1085
1668	-10.525	-10.414	1.2682
1669	-3.2374	-8.8846	2.0178
1670	-14.262	-6.5722	1.0535
1671	-6.2956	-8.8506	0.029878
1672	-6.2469	-8.8141	0.03112
1673	-6.3054	-8.8727	0.029911
1674	-6.2469	-8.8434	0.030415
1675	-6.2761	-8.8141	0.030577
1676	-6.3054	-8.8434	0.030187
1677	-6.2761	-8.8727	0.029596
1678	-5.9455	-2.7335	1.3449
1679	-6.0016	-0.15069	0.053841
1680	-5.5645	-8.7695	0.27687
1681	-5.0608	-8.8218	0.68478
1682	-7.3988	-9.1008	0.59988
1683	1.3844	-5.8156	1.1136
1684	-7.8524	-11.103	1.0462
1685	-5.8373	-8.7694	0.12857
1686	-17.997	-6.423	1.203
1687	-6.2931	-8.9408	0.030693
1688	-6.2469	-8.8434	0.030415
1689	-6.3054	-8.902	0.030065
1690	-6.2469	-8.8727	0.03014
1691	-6.2761	-8.8434	0.029872
1692	-6.3054	-8.8727	0.029911
1693	-6.2761	-8.902	0.02975
1694	-6.0862	-3.0159	1.5339
1695	-3.5868	-1.0872	1.6522
1696	-4.9603	-8.7364	0.78125
1697	-10.006	-8.8167	1.8791
1698	-9.6893	-9.9945	1.7319
1699	3.5884	-6.3757	0.83062
1700	-5.5463	-11.6	1.2942
1701	-8.1827	-8.7129	1.3561
1702	-21.917	-5.9027	0.6173
1703	-6.2792	-8.9991	0.03332
1704	-6.2615	-8.8581	0.029845
1705	-6.2908	-8.8874	0.02967
1706	-6.2615	-8.8727	0.02976
1707	-6.2761	-8.8581	0.02968
1708	-6.2908	-8.8727	0.029646
1709	-6.2761	-8.8874	0.029619
1710	-6.4061	-5.4391	1.7739
1711	-3.1524	-2.6447	0.70939
1712	-5.4695	-8.7285	0.34391
1713	-14.319	-8.825	1.2518
1714	-11.577	-10.58	0.86171
1715	7.0931	-6.5221	1.0925
1716	-3.9144	-11.455	0.86222
1717	-8.8894	-8.8272	1.8986
1718	-22.866	-3.3573	0.67195
1719	-6.2653	-8.9786	0.032283
1720	-6.2688	-8.8654	0.02968
1721	-6.2835	-8.8801	0.029593
1722	-6.6658	-6.3911	1.1994
1723	-3.041	-5.8124	0.44698
1724	-6.2561	-8.7468	0.034097
1725	-14.857	-8.8699	1.7341
1726	-12.138	-9.9329	0.39006
1727	5.5634	-5.8987	1.4039
1728	-4.7674	-11.857	1.0686
1729	-9.0065	-8.9774	1.9523
1730	-17.648	-1.5192	0.90628
1731	-6.2692	-8.9019	0.0298
1732	-6.2761	-8.8727	0.029596
1733	-6.2908	-8.8874	0.02967
1734	-6.2761	-8.8801	0.029594
1735	-6.2835	-8.8727	0.029594
1736	-6.2908	-8.8801	0.029645
1737	-6.2835	-8.8874	0.029618
1738	-6.7492	-7.3265	0.62164
1739	-4.4188	-9.0749	1.3123
1740	-6.9426	-8.8012	0.24247
1741	-10.94	-8.9125	1.1049
1742	-11.047	-8.865	0.99838
1743	3.2822	-5.8585	0.47716
1744	-5.992	-12.329	1.7752
1745	-8.6651	-9.1047	1.7559
1746	-13.138	-0.7494	0.31773
1747	-6.274	-8.8234	0.030319
1748	-6.2798	-8.8764	0.029584
1749	-6.6136	-7.5846	0.45229
1750	-6.6187	-10.824	0.85212
1751	-7.2175	-8.8651	0.4384
1752	-6.2053	-8.9385	0.033327
1753	-7.7559	-8.0801	0.94891
1754	0.65486	-7.1243	0.75936
1755	-7.3465	-12.037	1.3467
1756	-7.5476	-9.1653	0.73955
1757	-15.036	-0.41584	1.8053
1758	-6.2819	-8.7662	0.03265
1759	-6.2761	-8.8727	0.029596
1760	-6.2835	-8.8801	0.029593
1761	-6.2761	-8.8764	0.029592
1762	-6.2798	-8.8727	0.029589
1763	-6.2835	-8.8764	0.02959
1764	-6.2798	-8.8801	0.029587
1765	-6.3598	-6.7791	0.94075
1766	-8.429	-7.6746	1.3888
1767	-6.8463	-8.8736	0.18585
1768	-2.1108	-8.9542	1.5347
1769	-6.1711	-8.3531	0.10291
1770	2.6202	-7.7417	1.6152
1771	-9.1517	-10.37	1.5272
1772	-6.0161	-9.1033	0.076604
1773	-16.031	-0.12668	2.0087
1774	-6.2881	-8.7961	0.031248
1775	-6.278	-8.8746	0.029588
1776	-6.2816	-8.8782	0.029586
1777	-6.278	-8.8764	0.029586
1778	-6.2798	-8.8746	0.029586
1779	-6.2816	-8.8764	0.029585
1780	-6.2798	-8.8782	0.029585
1781	-6.1365	-5.1528	1.8833
1782	-9.2843	-1.8534	1.2772
1783	-6.0849	-8.8457	0.048805
1784	-1.1081	-8.9516	0.57445
1785	-4.8284	-8.6666	0.9102
1786	4.3852	-8.6685	1.3412
1787	-9.3821	-8.4818	1.9986
1788	-4.8161	-9.0158	0.92306
1789	-13.737	-2.4453	1.1101
1790	-6.2866	-8.8484	0.02981
1791	-6.2789	-8.8755	0.029585
1792	-6.2807	-8.8773	0.029584
1793	-6.2789	-8.8764	0.029585
1794	-6.2798	-8.8755	0.029585
1795	-6.2807	-8.8764	0.029584
1796	-6.2798	-8.8773	0.029584
1797	-6.0414	-4.9953	1.9131
1798	-7.4983	0.58951	0.69573
1799	-5.5319	-8.7936	0.29769
1800	-2.0413	-8.9138	1.4742
1801	-4.4074	-8.9226	1.325
1802	6.5759	-8.6438	0.085996
1803	-9.3379	-7.5323	1.6097
1804	-4.4509	-8.9137	1.2832
1805	-13.863	-3.6733	1.2834
1806	-6.2818	-8.8987	0.029705
1807	-6.2789	-8.8764	0.029585
1808	-6.2807	-8.8782	0.029585
1809	-6.2789	-8.8773	0.029585
1810	-6.2798	-8.8764	0.029584
1811	-6.2807	-8.8773	0.029584
1812	-6.2798	-8.8782	0.029585
1813	-6.08	-4.0678	1.9586
1814	-5.3744	-1.8661	0.85526
1815	-5.468	-8.7697	0.34328
1816	-5.2217	-8.8719	0.53898
1817	-5.6321	-9.0326	0.23717
1818	2.2398	-8.6484	1.6314
1819	-8.9722	-6.9757	1.2287
1820	-5.0822	-8.8229	0.66484
1821	-16.295	-4.1694	0.25374
1822	-6.2769	-8.929	0.030269
1823	-6.2794	-8.8769	0.029584
1824	-6.2803	-8.8778	0.029584
1825	-6.2794	-8.8773	0.029584
1826	-6.2798	-8.8769	0.029584
1827	-6.1379	-4.5923	1.9986
1828	-3.9245	-6.6276	0.99644
1829	-5.6572	-8.7811	0.21914
1830	-8.5238	-8.8684	1.6586
1831	-6.9863	-9.0284	0.27362
1832	-1.4003	-8.6556	0.85182
1833	-7.5953	-8.9408	0.77878
1834	-6.4643	-8.7746	0.049078
1835	-21.325	-4.1014	0.3547
1836	-6.2748	-8.9402	0.030601
1837	-6.2794	-8.8764	0.029584
1838	-6.2803	-8.8773	0.029584
1839	-6.2794	-8.8769	0.029584
1840	-6.2798	-8.8764	0.029584
1841	-6.2803	-8.8769	0.029584
1842	-6.3466	-6.6426	1.0364
1843	-3.5904	-10.229	1.5535
1844	-6.2923	-8.8111	0.030741
1845	-11.002	-8.89	1.0435
1846	-7.7614	-8.732	0.94217
1847	-2.4157	-8.7367	1.7643
1848	-6.7891	-12.631	1.8217
1849	-7.5214	-8.8016	0.70765
1850	-23.192	-4.1713	0.78425
1851	-6.2743	-8.9315	0.030347
1852	-6.2798	-8.8764	0.029584
1853	-6.2807	-8.8773	0.029584
1854	-6.2798	-8.8769	0.029584
1855	-6.2803	-8.8764	0.029584
1856	-6.2807	-8.8769	0.029584
1857	-6.2803	-8.8773	0.029584
1858	-6.5308	-7.8841	0.28988
1859	-5.2381	-10.468	0.81513
1860	-6.8422	-8.8434	0.18388
1861	-9.5881	-8.9251	2.0292
1862	-7.7793	-8.3587	0.96311
1863	-1.119	-8.8177	0.58367
1864	-6.672	-15.053	1.3863
1865	-7.4131	-8.8743	0.6067
1866	-17.912	-4.5599	1.6754
1867	-6.275	-8.8772	0.029597
1868	-6.28	-8.8766	0.029584
1869	-6.6429	-9.1635	0.11402
1870	-7.2541	-9.9039	0.61321
1871	-6.9938	-8.8788	0.27397
1872	-7.3583	-8.9434	0.55826
1873	-7.0722	-8.1342	0.42167
1874	-1.4504	-8.8944	0.90015
1875	-6.7086	-15.236	1.2701
1876	-6.6901	-8.9688	0.11455
1877	-10.502	-3.6866	0.62297
1878	-6.2793	-8.8298	0.030139
1879	-6.2798	-8.8764	0.029584
1880	-6.2803	-8.8769	0.029584
1881	-6.2798	-8.8766	0.029584
1882	-6.28	-8.8764	0.029584
1883	-6.2803	-8.8766	0.029584
1884	-6.28	-8.8769	0.029584
1885	-6.6446	-7.9646	0.283
1886	-8.2025	-4.6054	0.68287
1887	-6.5027	-8.9029	0.054462
1888	-4.6139	-8.9293	1.1236
1889	-6.1798	-8.3778	0.095904
1890	-1.9021	-8.9354	1.3459
1891	-6.9769	-13.107	1.8145
1892	-5.7511	-9.014	0.17035
1893	-3.4421	-4.3575	0.054272
1894	-6.2837	-8.8191	0.030426
1895	-6.2798	-8.8766	0.029584
1896	-6.2803	-8.8771	0.029584
1897	-6.2798	-8.8769	0.029584
1898	-6.28	-8.8766	0.029584
1899	-6.2803	-8.8769	0.029584
1900	-6.28	-8.8771	0.029584
1901	-6.4488	-4.9295	1.945
1902	-7.6058	0.24306	0.77249
1903	-5.9873	-8.9107	0.072426
1904	-2.6857	-8.8965	1.9194
1905	-5.4216	-8.6911	0.38113
1906	0.1509	-8.8903	0.031134
1907	-7.7787	-10.277	0.99989
1908	-5.1914	-8.9818	0.56707
1909	2.1153	-5.115	0.54703
1910	-6.2849	-8.832	0.030101
1911	-6.2799	-8.8767	0.029584
1912	-6.2802	-8.877	0.029584
1913	-6.2799	-8.8769	0.029584
1914	-6.28	-8.8767	0.029584
1915	-6.2802	-8.8769	0.029584
1916	-6.28	-8.877	0.029584
1917	-6.1731	-2.5522	1.2415
1918	-6.6965	2.8976	1.4347
1919	-5.7015	-8.8753	0.19232
1920	-3.4433	-8.8774	1.9775
1921	-5.2865	-8.9805	0.48526
1922	-1.1236	-8.8459	0.58761
1923	-8.8475	-7.9085	1.6809
1924	-5.0381	-8.9415	0.70665
1925	1.6941	-5.8517	0.94244
1926	-6.2831	-8.8638	0.029632
1927	-6.28	-8.8768	0.029584
1928	-6.2801	-8.8769	0.029584
1929	-6.28	-8.8769	0.029584
1930	-6.28	-8.8768	0.029584
1931	-6.2801	-8.8769	0.029584
1932	-6.28	-8.8769	0.029584
1933	-5.9885	-0.32601	0.077399
1934	-5.5758	3.2723	1.5247
1935	-5.9587	-8.8414	0.081075
1936	-4.5987	-8.8634	1.1384
1937	-5.4035	-8.9435	0.3904
1938	-2.4083	-8.822	1.7631
1939	-9.7151	-7.573	1.6121
1940	-5.5308	-8.8847	0.29733
1941	-3.3851	-7.1726	1.3571
1942	-6.2788	-8.8956	0.029672
1943	-6.28	-8.8769	0.029584
1944	-6.2801	-8.877	0.029584
1945	-6.28	-8.8769	0.029584
1946	-6.28	-8.8769	0.029584
1947	-6.2801	-8.8769	0.029584
1948	-6.28	-8.877	0.029584
1949	-5.9348	-1.7542	0.70465
1950	-4.7499	0.39791	0.96961
1951	-6.4812	-8.8254	0.050415
1952	-5.9715	-8.8841	0.076824
1953	-5.9363	-8.7925	0.089747
1954	-3.0585	-8.8347	2.0177
1955	-9.699	-8.5039	1.9693
1956	-6.4871	-8.8671	0.050979
1957	-8.8337	-8.6942	1.8611
1958	-6.2758	-8.9105	0.029876
1959	-6.28	-8.8769	0.029584
1960	-6.2801	-8.8769	0.029584
1961	-6.28	-8.8769	0.029584
1962	-6.28	-8.8769	0.029584
1963	-6.0316	-5.0639	1.8921
1964	-4.4894	-6.1597	0.9373
1965	-6.8857	-8.8126	0.20845
1966	-7.2527	-8.9186	0.4675
1967	-6.5666	-8.6743	0.080193
1968	-3.0611	-8.864	2.0186
1969	-8.2788	-11.329	0.98478
1970	-7.1205	-8.8937	0.36301
1971	-11.529	-9.9102	0.67668
1972	-6.2747	-8.9136	0.029936
1973	-6.28	-8.8769	0.029584
1974	-6.2801	-8.8769	0.029584
1975	-6.28	-8.8769	0.029584
1976	-6.28	-8.8769	0.029584
1977	-6.2801	-8.8769	0.029584
1978	-6.28	-8.8769	0.029584
1979	-6.2075	-6.6573	1.0257
1980	-5.4401	-10.348	0.69384
1981	-7.0089	-8.8042	0.28488
1982	-8.0289	-8.9507	1.21
1983	-7.0967	-8.5727	0.36075
1984	-3.5069	-8.8987	1.9568
1985	-6.7054	-13.74	1.9324
1986	-7.1657	-8.943	0.39811
1987	-8.0112	-8.6842	1.1899
1988	-6.274	-8.8941	0.029676
1989	-6.28	-8.8769	0.029584
1990	-6.2801	-8.8769	0.029584
1991	-6.28	-8.8769	0.029584
1992	-6.28	-8.8769	0.029584
1993	-6.2801	-8.8769	0.029584
1994	-6.28	-8.8769	0.029584
1995	-6.3345	-7.7276	0.34288
1996	-6.5283	-13.869	1.9588
1997	-6.9439	-8.8323	0.24256
1998	-8.1306	-8.965	1.3093
1999	-7.2021	-8.5173	0.44491
2000	-3.6534	-8.9171	1.8949
