1	11.408	80.721	2.3154
2	-37.601	-221.03	12.866
3	-400.69	-248.51	56.446
4	-5.5959	-142.58	5.3501
5	310.58	495.17	86.276
6	-454.37	-480.48	110.69
7	-534.9	513.76	138.24
8	-518.34	580.4	151.97
9	498.64	72.49	64.824
10	221.31	-6.9674	13.221
11	-54.561	369.34	35.476
12	-266.51	468.51	73.502
13	-188.15	-399.52	48.84
14	-598.93	430.73	136.62
15	323.73	-216.56	38.237
16	140.3	-175.39	13.577
17	-69.3	551.95	77.627
18	-569.7	-428.07	128.17
19	49.281	-48.522	2.7325
20	449.59	-389.88	90.211
21	11.408	80.721	2.3154
22	-249.25	-163.82	22.797
23	234.75	304.27	37.953
24	-387.62	-439.71	86.543
25	-357.5	459.95	85.776
26	-288.9	352.14	53.546
27	470.52	75.925	58.514
28	-49.527	318.77	26.496
29	-133.83	294.28	27.358
30	-117.43	-385.7	41.328
31	-333.64	313.1	53.27
32	299.2	-153.4	29.202
33	-66.96	318.97	27.996
34	-451.95	-300.12	74.439
35	299.24	-302.4	46.941
36	251.41	320.72	41.688
37	-228.59	-159.28	21.062
38	251.41	80.721	17.57
39	11.408	320.72	26.415
40	-228.59	80.721	16.327
41	11.408	-159.28	7.0175
42	11.408	80.721	2.3154
43	-52.704	-38.967	1.5006
44	140.54	123.02	10.099
45	-217.42	-169.35	20.728
46	-163.99	264.71	25.036
47	-56.719	110.78	5.8378
48	241.75	80.553	18.139
49	-19.316	177.46	8.0877
50	-6.6707	96.531	2.7347
51	-33.446	-155.47	6.8791
52	-73.631	128.3	6.2901
53	198.58	1.4456	11.271
54	-46.72	75.085	2.0804
55	-329.61	-46.211	28.991
56	154.7	-194.1	16.803
57	124.04	73.307	6.1901
58	36.379	-105.94	3.9176
59	-6.5193	96.165	2.8957
60	64.314	-51.761	2.6638
61	152.9	-117.72	10.316
62	-85.514	49.808	2.8405
63	34.893	97.388	4.5901
64	160.41	-94.565	9.0534
65	-30.995	-168.14	7.5004
66	-136.72	183.14	14.108
67	187.3	201.03	20.131
68	-292.7	-278.97	41.196
69	187.3	-38.967	10.422
70	-52.704	201.03	11.256
71	-292.7	-38.967	22.153
72	-52.704	-278.97	20.548
73	184.23	125.39	13.743
74	-85.008	-283.43	23.674
75	165.4	283.86	28.404
76	249.33	-330.87	43.946
77	265.36	-211.82	29.767
78	-369.8	12.798	35.803
79	66.286	313.65	26.412
80	269.4	-241.4	33.355
81	-30.439	-258.01	17.33
82	66.51	361.38	34.341
83	67.296	81.033	3.9538
84	-172.7	-158.97	15.542
85	67.296	-38.967	2.3268
86	-52.704	81.033	3.8942
87	-172.7	-38.967	8.0874
88	-52.704	-158.97	8.6003
89	106.16	75.821	6.0288
90	-145.29	-361.02	39.351
91	212.72	335.11	40.528
92	274.35	-552.57	96.35
93	256.52	-121.22	21.417
94	-410.57	-11.862	42.893
95	60.75	334.13	29.442
96	251.61	-298.13	39.958
97	-35.359	-188.31	10.423
98	133.42	443.05	54.459
99	7.2956	21.033	1.4794
100	-8.1526	-6.3253	0.95676
101	-125.12	-279.62	25.299
102	182.32	193.12	18.734
103	251.52	-323.67	43.883
104	43.012	85.82	3.6123
105	-423.98	-4.936	45.014
106	25.841	145.3	6.9014
107	121.87	-55.542	5.4812
108	-30.449	70.428	1.9645
109	69.674	376.22	38.049
110	-110.83	-80.113	6.3134
111	-53.508	-57.55	1.5596
112	72.316	-39.741	1.719
113	99.266	59.16	4.5035
114	-157.01	248.29	21.642
115	-167.33	25.097	8.4632
116	-18.9	-51.712	1.3344
117	1.6572	170.99	8.3138
118	-19.82	264.72	18.471
119	-51.242	64.209	2.6032
120	111.85	113.67	7.274
121	-128.15	-126.33	9.2608
122	111.85	-6.3253	4.2123
123	-8.1526	113.67	4.3255
124	-128.15	-6.3253	4.9271
125	-8.1526	-126.33	5.0674
126	-117.71	-127.84	8.4709
127	13.431	156.73	7.606
128	-63.773	-239.85	15.811
129	-96.979	347.81	34.169
130	-272.9	304.07	42.903
131	106	54.463	4.08
132	-56.901	-212.25	12.363
133	-53.23	272.1	19.511
134	-10.888	352	31.924
135	-141.93	-222.76	19.21
136	51.847	53.675	2.403
137	-68.153	-66.325	3.8181
138	51.847	-6.3253	1.6794
139	-8.1526	53.675	2.0216
140	-68.153	-6.3253	2.3069
141	-8.1526	-66.325	1.8295
142	-66.777	-129.29	5.6327
143	64.511	325.73	28.505
144	-167.2	-354.52	40.023
145	-155.35	338.12	35.763
146	-126.41	178.18	12.236
147	276.54	71.269	20.401
148	-65.819	-293.39	24.584
149	-24.484	311.69	24.733
150	-3.3368	261.26	17.267
151	-185.32	-285.85	30.499
152	21.847	23.675	0.75213
153	15.033	-4.7628	0.30152
154	59.609	431.73	47.631
155	-142.1	-128.04	9.5169
156	-144.51	125.64	9.5288
157	102.55	-19.501	3.8731
158	239.12	81.312	16.402
159	-22.105	-143.4	6.9068
160	31.322	295.01	22.695
161	6.5084	144.56	6.3518
162	-158.86	-283.16	27.492
163	88.436	106.97	4.9498
164	-7.5982	283.86	20.92
165	-11.388	144.02	6.1188
166	-94.162	-176.7	10.27
167	277.41	-182.9	29.104
168	119.17	38.922	5.6427
169	22.319	14.815	0.70909
170	110.68	137.65	8.053
171	7.7323	-11.579	1.0882
172	-14.185	-98.505	3.5168
173	75.033	55.237	2.9744
174	-44.967	-64.763	2.6861
175	75.033	-4.7628	3.3233
176	15.033	55.237	1.983
177	-44.967	-4.7628	2.0499
178	15.033	-64.763	1.9187
179	107.16	145.09	9.5798
180	-63.516	-26.054	1.4728
181	128.36	367.98	38.202
182	-15.889	-343.08	29.734
183	405.71	-177.67	50.943
184	-129.85	-5.2955	4.8096
185	59.573	149.26	7.7507
186	154.11	-85.532	8.0733
187	9.7382	-149.13	6.7786
188	115.33	111.51	6.8476
189	45.033	25.237	1.3993
190	-14.967	-34.763	1.9866
191	45.033	-4.7628	1.9972
192	15.033	25.237	1.6347
193	-14.967	-4.7628	0.34244
194	15.033	-34.763	2.0233
195	81.403	115.19	5.0373
196	-94.12	-298.44	26.33
197	220.19	491.97	74.273
198	67.815	-277.85	21.481
199	367.97	-20.141	34.856
200	-342.46	-24.554	30.553
201	58.501	181.71	9.7568
202	160.01	-279.66	25.989
203	13.185	-238.34	14.884
204	128.32	252.42	20.307
205	30.033	10.237	1.1441
206	0.032674	-19.763	0.93566
207	30.033	-4.7628	1.4129
208	15.033	10.237	1.5331
209	0.032674	-4.7628	1.9797
210	15.033	-19.763	1.2806
211	13.723	14.385	1.3942
212	-96.256	-344.14	32.871
213	264.73	247.46	33.436
214	132.35	-157.03	11.975
215	152.21	176.63	14.478
216	-391.87	-11.06	39.443
217	34.763	105.96	4.9802
218	120.65	-306.57	28.436
219	15.512	-122.75	5.2151
220	48.369	227.27	14.214
221	22.533	2.7372	0.82315
222	7.5327	-12.263	1.2821
223	22.533	-4.7628	0.29751
224	-41.825	-86.087	3.0807
225	-81.869	-80.14	3.3058
226	251.44	-40.538	18.135
227	171.75	58.208	8.738
228	-43.376	270.03	20.327
229	-380.52	34.135	37.994
230	8.7798	-21.493	0.43726
231	39.976	-223.46	14.27
232	17.426	33.752	1.3167
233	-78.786	88.624	5.472
234	30.033	2.7372	1.2939
235	15.033	-12.263	0.52496
236	30.033	-4.7628	1.4129
237	22.533	2.7372	0.82315
238	15.033	-4.7628	0.30152
239	22.533	-12.263	0.53969
240	-52.345	-141.79	7.1812
241	-44.453	205.19	11.272
242	74.31	-281.19	22.431
243	123.96	208.76	15.603
244	-169.58	200.7	19.112
245	-272.88	65.15	20.231
246	-10.429	-131.37	5.4576
247	-9.5997	-59.676	1.7042
248	15.476	138.79	5.1656
249	-173.33	-46.876	8.9245
250	26.283	-1.0128	0.86476
251	18.783	-8.5128	0.14305
252	-28.389	-136.62	5.1648
253	-4.735	300.15	23.524
254	-99.643	-372.36	37.623
255	23.201	214.11	12.886
256	-218.76	35.68	12.88
257	-64.889	61.134	3.3275
258	-20.905	-197.82	10.855
259	-50.503	100.7	4.6569
260	13.175	128.06	5.8415
261	-176.7	-98.652	10.662
262	22.533	-4.7628	0.29751
263	15.033	-12.263	0.52496
264	22.533	-8.5128	1.9723
265	18.783	-4.7628	2.0662
266	15.033	-8.5128	1.8281
267	18.783	-12.263	1.8533
268	10.304	-90.589	3.2948
269	18.013	295.31	22.814
270	-155.77	-223.01	19.285
271	-57.57	133.14	5.7404
272	-146.48	-105.35	9.3763
273	137.32	22.582	6.4337
274	-7.8611	-206.83	11.709
275	-69.149	206.01	12.408
276	11.209	3.141	1.1623
277	-69.228	-70.771	2.4812
278	20.658	-6.6378	1.1133
279	16.908	-10.388	1.2751
280	20.658	-8.5128	1.3518
281	18.783	-6.6378	1.118
282	16.908	-8.5128	1.4397
283	18.783	-10.388	0.6292
284	50.405	-1.9741	1.4638
285	30.662	164.05	8.6709
286	-165.76	-0.84154	8.4754
287	-45.276	-37.018	1.7172
288	17.688	-188.98	10.05
289	258.42	-10.33	17.36
290	19.799	-167.02	7.9059
291	-63.636	159.87	7.7095
292	11.994	-112.87	4.4712
293	45.892	-37.213	1.9993
294	19.72	-7.5753	0.72463
295	17.845	-9.4503	0.60751
296	19.72	-8.5128	0.49327
297	18.783	-7.5753	0.50338
298	17.845	-8.5128	0.57968
299	18.783	-9.4503	0.1912
300	58.695	73.467	3.1495
301	28.158	0.97491	1.9648
302	-85.665	196.45	13.001
303	-19.973	-181.17	9.6377
304	170.97	-142.32	13.127
305	210.22	-31.125	11.326
306	41.37	-71.397	3.5446
307	-49.926	34.308	1.3119
308	12.85	-167.68	7.4106
309	147.43	1.2799	7.0375
310	19.251	-8.044	0.34677
311	18.314	-8.9815	0.24604
312	19.251	-8.5128	0.22227
313	18.783	-8.044	0.27819
314	18.314	-8.5128	0.27176
315	18.783	-8.9815	0.11289
316	44.503	89.578	2.7437
317	1.8966	-160.9	7.7226
318	31.169	227.99	14.77
319	13.767	-279.6	20.944
320	272.85	-93.234	20.893
321	49.302	-32.158	2.285
322	40.372	61.28	3.0559
323	-20.224	-78.705	2.5288
324	13.376	-181.2	9.7907
325	145.66	16.093	6.2135
326	19.251	-8.5128	0.22227
327	18.314	-9.4503	0.31383
328	19.251	-8.9815	0.1946
329	18.783	-8.5128	0.14305
330	18.314	-8.9815	0.24604
331	18.783	-9.4503	0.1912
332	20.089	73.698	2.5474
333	-23.77	-290.8	22.313
334	137.08	109.78	8.9618
335	25.973	-205.92	11.461
336	231.18	28.053	14.408
337	-102.79	-25.135	4.1009
338	22.094	140.01	6.0682
339	-5.9849	-122.8	4.3734
340	14.965	-85.741	2.4582
341	89.403	16.36	2.9934
342	19.017	-8.7471	0.12827
343	18.548	-9.2159	0.17818
344	19.017	-8.9815	0.12683
345	18.783	-8.7471	0.11435
346	18.548	-8.9815	0.1534
347	18.783	-9.2159	0.13873
348	-2.0814	42.92	1.6975
349	-44.52	-356.55	32.671
350	224.55	-96.755	16.004
351	24.861	-68.258	2.7202
352	86.625	147.34	8.5027
353	-167.06	-13.876	7.2396
354	2.778	62.989	2.7868
355	-0.062233	-81.231	2.0215
356	17.644	21.725	1.5317
357	5.9893	0.49354	0.10961
358	-13.223	-24.802	0.99464
359	-53.295	-287.62	21.719
360	262.52	-234.01	32.021
361	4.8798	86.56	2.8881
362	-74.608	202.74	12.383
363	-203.14	-2.786	11.129
364	-14.152	-62.661	2.0462
365	-1.1769	-25.925	0.83486
366	14.694	108.15	4.2306
367	-68.582	-13.691	3.0561
368	6.2236	0.72792	0.14092
369	5.7549	0.25917	0.15909
370	6.2236	0.49354	0.07169
371	-8.7212	-77.304	2.2764
372	-60.629	-131	6.1809
373	117.9	-240.13	18.8
374	-26.7	142	6.2151
375	-139.34	134.93	10.226
376	-128.9	-6.2948	4.9069
377	-21.168	-146.11	5.812
378	-1.2403	34.087	1.1236
379	7.657	182.31	9.5188
380	-85.103	-19.189	3.4198
381	6.458	0.72792	0.1534
382	5.9893	0.25917	0.067894
383	4.9537	-90.197	2.9004
384	-49.589	69.211	2.6231
385	-25.603	-143.19	5.6216
386	-56.954	88.935	2.8707
387	-57.914	-2.0903	1.8207
388	-22.603	-7.8899	1.7671
389	-9.6992	-129.53	4.3663
390	-1.026	74.963	2.8824
391	0.69503	187.15	9.0449
392	-56.305	-20.44	2.1983
393	6.2236	0.49354	0.07169
394	5.7549	0.024791	0.14474
395	6.2236	0.25917	0.028187
396	19.225	-62.297	1.1346
397	-36.309	201.23	11.562
398	-133.99	24.872	5.7818
399	-73.661	29.626	2.4925
400	46.095	-124.28	5.9064
401	81.927	-8.7294	1.7329
402	12.644	-60.116	1.8472
403	0.067499	50.017	2.3135
404	-0.91605	166	8.1421
405	3.6401	-15.455	1.0041
406	6.458	0.49354	0.085094
407	5.9893	0.024791	0.051998
408	6.458	0.25917	0.042178
409	6.2236	0.49354	0.07169
410	5.9893	0.25917	0.067894
411	6.2236	0.024791	0.011609
412	27.576	-17.681	2.0327
413	-23.966	294.88	22.728
414	-137.52	162.62	12.58
415	-74.221	-34.584	2.3774
416	114.33	-142.98	9.1022
417	156.08	-7.3167	6.8637
418	29.215	15.361	1.1937
419	1.4812	-23.381	1.1979
420	3.0635	26.262	2.1331
421	59.007	0.74964	2.5399
422	6.458	0.25917	0.042178
423	5.9893	-0.20958	0.062353
424	6.458	0.024791	0.025823
425	6.2236	0.25917	0.028187
426	5.9893	0.024791	0.051998
427	6.2236	-0.20958	0.022408
428	29.479	28.211	1.5793
429	-11.834	324.94	28.107
430	-15.52	187.23	10.712
431	-42.632	-78.619	2.8735
432	169.53	-122.72	11.582
433	169.75	-4.9381	9.1441
434	32.456	62.361	1.7326
435	3.741	-84.497	1.9641
436	9.506	-105.46	4.4767
437	86.456	14.929	2.951
438	6.3408	0.14198	0.016745
439	6.1065	-0.092397	0.027
440	6.3408	0.024791	0.011866
441	6.2236	0.14198	0.016487
442	6.1065	0.024791	0.025049
443	6.2236	-0.092397	0.013587
444	21.494	60.113	2.1022
445	-0.96718	60.568	1.6877
446	124.97	133.71	8.6364
447	-14.104	-98.565	3.4507
448	89.498	-15.125	3.0708
449	117.72	-0.87799	4.5406
450	26.685	38.528	1.5584
451	6.1657	-98.805	2.7241
452	13.499	-170.1	7.9066
453	73.276	17.757	2.9454
454	6.2822	0.083385	0.011607
455	13.045	53.206	0.86546
456	3.5897	-226.72	12.957
457	218.8	1.4216	12.732
458	11.939	-64.203	1.9415
459	-9.655	85.201	2.011
460	12.557	2.4504	1.2021
461	9.5104	-10.153	1.6709
462	8.16	-63.328	2.2297
463	14.389	-161.55	7.6817
464	38.26	9.0362	0.54427
465	6.3408	0.14198	0.016745
466	6.2236	0.024791	0.011609
467	6.3408	0.083385	0.013449
468	6.2822	0.14198	0.014907
469	6.2236	0.083385	0.013192
470	6.2822	0.024791	0.010021
471	3.858	23.354	0.61791
472	-4.2349	-377.76	36.223
473	286.29	-130.96	25.711
474	23.321	1.7142	1.2204
475	-99.044	110.24	6.5602
476	-81.573	4.3514	3.6603
477	-6.4613	-55.188	1.5322
478	6.5598	-12.494	1.8491
479	10.803	-89.682	3.1999
480	-18.24	-5.1155	1.8186
481	6.3408	0.083385	0.013449
482	6.2236	-0.033803	0.011741
483	6.3408	0.024791	0.011866
484	6.2822	0.083385	0.011607
485	6.2236	0.024791	0.011609
486	6.2822	-0.033803	0.010153
487	2.2745	-14.234	0.53295
488	-30.399	-301.81	23.49
489	260.74	-218.68	29.179
490	30.695	60.254	1.9979
491	-148.41	36.735	7.3264
492	-95.396	3.5279	3.6056
493	-10.87	-76.718	2.4177
494	1.2858	35.677	1.0387
495	5.9455	1.2213	0.39621
496	-52.399	-14.806	1.4731
497	6.3115	0.054088	0.011092
498	6.2529	-0.004506	0.010237
499	6.3115	0.024791	0.010515
500	6.2822	0.054088	0.010599
501	6.2529	0.024791	0.010386
502	6.2822	-0.004506	0.0098722
503	9.6055	-43.279	2.1676
504	-63.236	-95.175	4.4874
505	170.65	-230.29	21.077
506	32.061	81.492	2.537
507	-159.66	-41.501	7.3979
508	-58.662	0.66174	2.3211
509	1.7132	-51.102	1.6545
510	-3.209	69.1	2.3612
511	1.7378	81.834	2.7167
512	-45.683	-10.912	1.5693
513	6.3115	0.024791	0.010515
514	6.2529	-0.033803	0.010518
515	6.3115	-0.004506	0.010366
516	6.2822	0.024791	0.010021
517	6.2529	-0.004506	0.010237
518	6.2822	-0.033803	0.010153
519	19.883	-45.457	1.2333
520	-79.078	142.43	8.4794
521	3.8345	-115.81	5.1096
522	24.639	53.053	0.99009
523	-54.491	-79.764	3.7957
524	-15.925	-1.8293	1.3315
525	16.78	-11.92	0.84593
526	-3.9739	33.91	1.5637
527	-0.36887	118.2	4.7911
528	-21.502	-2.4484	0.97596
529	6.2969	0.010142	0.010032
530	6.2676	-0.019154	0.010034
531	6.2969	-0.004506	0.010012
532	6.2822	0.010142	0.0098928
533	6.2676	-0.004506	0.0099473
534	6.2822	-0.019154	0.0099589
535	22.818	-29.254	1.1665
536	-64.797	262.95	19.014
537	-137.5	53.868	5.7633
538	11.531	10.888	0.98403
539	46.673	-70.984	3.702
540	41.338	-2.1302	1.485
541	25.421	22.327	2.2419
542	-1.536	-34.933	1.274
543	1.1713	135.03	5.4286
544	17.385	5.9408	1.1365
545	6.2896	0.0028182	0.009912
546	6.2749	-0.01183	0.0099129
547	6.2896	-0.004506	0.0099151
548	6.2822	0.0028182	0.0098691
549	22.945	-8.4293	1.6977
550	-21.349	220.62	13.663
551	-180.29	147.22	14.229
552	-1.7558	-30.595	1.0624
553	125.52	-22.933	5.9355
554	75.152	-1.0855	1.7143
555	30.439	33.711	1.3635
556	0.72841	-87.542	2.47
557	2.881	43.317	2.1537
558	47.345	10.733	1.8444
559	6.2896	0.010142	0.0099357
560	6.2749	-0.004506	0.0098829
561	6.2896	0.0028182	0.009912
562	6.2822	0.010142	0.0098928
563	6.2749	0.0028182	0.0098798
564	6.2822	-0.004506	0.0098722
565	16.842	13.779	0.71695
566	24.867	19.84	1.1489
567	-81.387	150.67	7.4103
568	-9.5205	-49.72	0.819
569	172.58	27.668	9.3778
570	84.184	0.0035358	3.5747
571	25.502	19.249	0.78692
572	4.6715	-113.79	4.257
573	5.2213	-70.053	1.8708
574	49.208	9.567	1.1929
575	6.2859	0.0064803	0.0098923
576	6.2786	-0.00084389	0.0098659
577	10.192	22.486	0.44589
578	57.088	-165.69	9.1987
579	41.463	26.833	2.4162
580	-15.781	-49.592	0.80621
581	95.591	68.215	4.5477
582	61.255	1.27	1.9424
583	14.743	-19.567	1.319
584	7.2887	-82.261	2.7308
585	7.6458	-138.19	5.9846
586	45.122	2.0527	1.4603
587	6.2822	0.0028182	0.0098691
588	6.2749	-0.004506	0.0098829
589	6.2822	-0.00084389	0.0098673
590	6.2786	0.0028182	0.0098677
591	6.2749	-0.00084389	0.009878
592	6.2786	-0.004506	0.0098708
593	6.463	15.753	0.93198
594	75.887	-255.11	18.932
595	139.48	-105.67	8.4084
596	-17.182	-25.506	1.3026
597	-17.151	78.215	2.6441
598	24.021	1.9766	1.0688
599	2.7887	-47.886	0.8557
600	6.0501	-22.916	1.9962
601	9.0225	-138.29	4.9517
602	22.79	-5.6676	0.68579
603	6.2804	0.00098717	0.009865
604	7.2717	3.8224	1.5147
605	81.563	-208.37	14.463
606	222.29	-155.75	18.707
607	-6.4583	-8.0882	0.19458
608	-125.07	56.138	6.0414
609	-16.418	1.994	1.1898
610	-4.3569	-65.593	1.8239
611	2.8988	37.893	1.273
612	7.9415	-46.028	1.5827
613	-10.141	-9.5878	1.7119
614	6.2822	0.0028182	0.0098691
615	6.2786	-0.00084389	0.0098659
616	6.2822	0.00098717	0.0098673
617	6.2804	0.0028182	0.0098667
618	6.2786	0.00098717	0.009866
619	6.2804	-0.00084389	0.0098649
620	8.1815	-9.8686	1.2881
621	52.295	33.867	2.1368
622	177.1	-169.92	15.783
623	7.8575	11.144	1.0464
624	-172.16	13.58	7.6578
625	-40.374	1.7223	1.717
626	-5.8132	-67.847	2.7468
627	-1.0443	65.893	2.5191
628	6.3853	57.175	2.7389
629	-28.988	-7.1261	1.4653
630	6.2822	0.00098717	0.0098673
631	6.2786	-0.0026749	0.0098675
632	6.2822	-0.00084389	0.0098673
633	6.2804	0.00098717	0.009865
634	6.2786	-0.00084389	0.0098659
635	6.2804	-0.0026749	0.0098665
636	13.131	-19.963	1.125
637	-0.19797	237.02	15.493
638	66.446	-111.02	4.2955
639	13.853	15.14	1.1856
640	-106.98	-31.411	5.0706
641	-30.982	1.322	0.7014
642	-5.7841	-57.181	2.632
643	-1.2766	35.949	1.0454
644	4.9157	121.23	4.8059
645	-28.677	-1.0324	1.8913
646	6.2813	7.164e-05	0.0098655
647	6.2795	-0.0017594	0.0098656
648	6.2813	-0.00084389	0.0098657
649	6.2804	7.164e-05	0.0098647
650	15.298	-23.408	0.58583
651	-45.439	343.46	31.072
652	-52.346	-21.592	1.3604
653	6.4689	3.6368	1.8412
654	-10.027	-57.708	1.0342
655	-17.924	0.49627	0.5158
656	-4.4897	-35.685	1.5431
657	0.91167	-23.076	1.6356
658	4.6871	110.47	4.0336
659	-19.222	5.1022	1.9308
660	6.2813	0.00098717	0.0098657
661	6.2795	-0.00084389	0.009865
662	6.2813	7.164e-05	0.0098655
663	6.2804	0.00098717	0.009865
664	6.2795	7.164e-05	0.0098648
665	6.2804	-0.00084389	0.0098649
666	14.418	-13.111	0.82063
667	-72.148	304.2	25.534
668	-139.86	62.987	6.9288
669	-0.22833	-9.338	0.097153
670	77.062	-78.955	4.1132
671	2.3195	-0.29793	1.667
672	3.6006	-10.41	1.4543
673	4.8375	-67.076	2.2497
674	5.2638	74.675	2.8323
675	3.1535	9.1061	2.011
676	6.2809	0.0005294	0.0098651
677	6.28	-0.00038612	0.0098647
678	11.609	4.3075	1.6114
679	-42.508	7.8357	1.3964
680	-211.54	82.707	13.721
681	-3.4553	-19.278	1.5567
682	91.884	-66.61	3.5077
683	17.437	-0.77976	0.94227
684	11.636	9.1569	0.46852
685	6.1729	-97.145	2.4627
686	5.9955	9.2366	0.10077
687	25.066	8.8065	0.18025
688	6.2804	7.164e-05	0.0098647
689	6.2795	-0.00084389	0.009865
690	6.2804	-0.00038612	0.0098648
691	6.28	7.164e-05	0.0098647
692	10.658	12.762	0.76424
693	11.502	-253.09	17.529
694	-183.22	52.787	9.5882
695	-1.0207	-21.199	1.5063
696	96.464	-31.091	2.9668
697	15.588	-0.65314	1.9496
698	17.273	12.179	1.1077
699	6.1333	-55.381	1.6678
700	6.6525	-51.994	1.1322
701	34.705	5.2515	0.47626
702	6.2804	0.0005294	0.0098648
703	6.2795	-0.00038612	0.0098649
704	6.2804	7.164e-05	0.0098647
705	6.28	0.0005294	0.0098647
706	6.2795	7.164e-05	0.0098648
707	6.28	-0.00038612	0.0098647
708	11.609	7.8308	0.62608
709	58.171	-332.06	29.377
710	-55.903	13.4	2.624
711	2.3404	-14.315	0.51927
712	54.384	1.3813	2.053
713	-4.6177	0.064941	1.0997
714	15.612	6.1686	0.72866
715	3.5738	-6.3159	0.79172
716	6.9299	-65.041	2.4078
717	23.566	0.076194	1.1349
718	6.2802	0.00030052	0.0098647
719	6.2797	-0.00015724	0.0098647
720	6.2802	7.164e-05	0.0098647
721	6.28	0.00030052	0.0098647
722	6.2797	7.164e-05	0.0098647
723	6.28	-0.00015724	0.0098647
724	11.6	-3.1994	1.3985
725	81.331	-169.62	9.0492
726	64.757	-44.666	2.8895
727	5.4424	-4.4911	1.6789
728	-25.884	29.339	1.6162
729	-23.502	0.80901	1.189
730	10.33	-12.147	0.64926
731	1.5259	39.072	1.4181
732	6.7288	-39.038	2.0996
733	5.3238	-4.5316	1.5851
734	6.2801	0.00018608	0.0098647
735	6.2798	-4.2801e-05	0.0098647
736	6.2801	7.164e-05	0.0098647
737	12.565	-12.639	1.963
738	93.847	9.2339	2.3301
739	129.97	-88.132	7.5085
740	6.019	2.4552	1.1694
741	-90.075	6.8103	3.0929
742	-31.395	1.285	0.63211
743	4.9058	-27.156	1.01
744	0.19895	69.014	2.0875
745	6.157	5.0864	1.907
746	-10.327	-6.5557	0.98981
747	6.2802	0.00018608	0.0098647
748	6.28	-4.2801e-05	0.0098647
749	6.2802	7.164e-05	0.0098647
750	6.2801	0.00018608	0.0098647
751	6.28	7.164e-05	0.0098647
752	6.2801	-4.2801e-05	0.0098647
753	14.01	-18.46	1.0221
754	47.298	165.81	7.9091
755	111.72	-94.849	6.4585
756	3.7507	7.2588	1.3514
757	-109.5	-26.93	5.0604
758	-16.241	1.0026	1.72
759	1.4268	-35.178	1.1712
760	2.3986	38.247	1.1208
761	5.6351	43.348	0.90215
762	-17.903	-2.7537	1.2969
763	6.2802	7.164e-05	0.0098647
764	6.28	-0.00015724	0.0098647
765	6.2802	-4.2801e-05	0.0098647
766	6.2801	7.164e-05	0.0098647
767	6.28	-4.2801e-05	0.0098647
768	6.2801	-0.00015724	0.0098647
769	14.535	-14.768	0.9038
770	-12.373	208.09	12.718
771	67.06	-40.659	2.1236
772	0.56972	2.438	1.13
773	-61.333	-53.542	2.5864
774	-1.514	0.12477	0.94403
775	0.012409	-37.329	1.0455
776	4.7188	1.0988	1.0013
777	5.554	57.986	2.5843
778	-12.84	1.6325	0.65239
779	6.2801	1.4419e-05	0.0098647
780	6.28	-0.00010002	0.0098647
781	6.2801	-4.2801e-05	0.0098647
782	6.2801	1.4419e-05	0.0098647
783	11.357	-3.6157	1.3301
784	-48.04	180.69	9.4295
785	15.274	24.825	1.4591
786	-0.12629	-8.1227	0.16538
787	30.944	-76.741	3.2948
788	5.8636	-0.54516	0.16242
789	1.2826	-33.472	1.2504
790	6.6938	-32.53	1.7628
791	5.7413	37.557	1.2357
792	-5.6523	4.6003	1.8158
793	6.2801	7.164e-05	0.0098647
794	6.28	-4.2801e-05	0.0098647
795	6.2801	1.4419e-05	0.0098647
796	6.2801	7.164e-05	0.0098647
797	6.28	1.4419e-05	0.0098647
798	6.2801	-4.2801e-05	0.0098647
799	10.429	6.803	1.0913
800	-39.891	55.183	2.303
801	-48.767	63.121	2.5334
802	0.46346	-16.606	0.46138
803	91.867	-65.226	3.7835
804	12.569	-0.95687	0.26003
805	5.2616	-17.133	0.6106
806	8.1129	-53.077	1.9731
807	6.2011	12.255	1.77
808	6.6535	5.5613	1.6744
809	6.2801	4.3029e-05	0.0098647
810	6.28	-1.4191e-05	0.0098647
811	12.305	10.629	0.74531
812	-7.6129	-95.843	3.2572
813	-98.52	66.255	4.1137
814	1.1226	-21.594	1.5092
815	57.884	-42.312	2.268
816	14.825	-0.82112	1.586
817	9.7927	4.8714	0.13935
818	6.8321	-55.515	1.7697
819	6.6102	-13.862	1.9394
820	17.358	2.6558	1.101
821	6.2801	1.4419e-05	0.0098647
822	6.28	-4.2801e-05	0.0098647
823	6.2801	-1.4191e-05	0.0098647
824	6.28	1.4419e-05	0.0098647
825	6.28	-1.4191e-05	0.0098647
826	6.28	-4.2801e-05	0.0098647
827	16.441	7.8168	1.6238
828	28.42	-160.7	8.5098
829	-113.74	14.704	4.74
830	4.2127	-19.109	1.3762
831	5.8582	-12.725	1.8784
832	9.9981	-0.6322	1.7826
833	12.969	23.287	1.8457
834	4.6112	-26.908	1.2858
835	6.7868	-25.69	0.49774
836	21.39	-1.4751	1.5302
837	6.2801	1.1403e-07	0.0098647
838	19.007	-2.5007	1.2856
839	49.292	-207.43	12.677
840	-63.485	-49.086	3.3947
841	6.9778	-13.159	1.8182
842	-42.54	15.208	1.5409
843	3.4379	-0.11643	1.9561
844	15.08	32.931	1.1072
845	3.1749	12.738	0.12963
846	6.7335	-27.855	0.60928
847	15.115	-4.3111	0.23594
848	6.2801	1.4419e-05	0.0098647
849	6.28	-1.4191e-05	0.0098647
850	6.2801	1.1403e-07	0.0098647
851	6.2801	1.4419e-05	0.0098647
852	6.28	1.1403e-07	0.0098647
853	6.2801	-1.4191e-05	0.0098647
854	20.307	-13.225	1.2596
855	58.788	-94.808	3.8113
856	-10.858	-79.67	2.7504
857	7.8736	-7.1116	1.0342
858	-51.582	11.344	1.7393
859	-0.34646	0.2639	0.075794
860	13.406	24.923	0.97457
861	2.4613	44.244	2.2616
862	6.5683	-6.6991	0.99843
863	3.8912	-4.1765	0.28912
864	17.665	-17.808	0.78079
865	44.684	85.89	3.7281
866	39.547	-69.309	2.6765
867	6.9718	0.62795	0.31497
868	-29.337	2.539	1.1084
869	-2.3867	0.47345	1.6894
870	8.758	4.6556	0.24764
871	2.35	45.982	1.8496
872	6.0742	13.193	2.0265
873	-4.1548	-2.2472	0.99595
874	12.714	-14.825	1.5808
875	18.536	190.93	11.147
876	34.8	-29.387	1.1775
877	2.7054	4.5122	0.10164
878	13.053	-27.179	0.40293
879	-2.1675	0.47852	1.5313
880	3.831	-13.568	0.28912
881	2.6921	25.376	1.7182
882	5.6875	27.776	0.61887
883	-7.6897	0.71633	0.87189
884	7.6653	-4.6293	1.206
885	-7.498	245.51	16.322
886	17.968	17.245	0.5628
887	-1.5439	6.6871	1.0113
888	48.697	-40.638	2.0075
889	2.2309	0.27441	1.603
890	2.9511	-23.117	0.34699
891	3.7309	-8.9393	1.8542
892	5.7134	26.652	0.34374
893	-4.5972	2.6741	0.9709
894	4.4984	4.3239	0.79809
895	-12.559	207.53	12.422
896	-0.38113	57.956	2.7589
897	-2.125	6.094	0.80389
898	60.528	-33.795	2.4213
899	6.729	-0.028352	0.10924
900	3.8966	-22.614	0.43222
901	5.0909	-31.528	1.6077
902	6.0798	15.842	0.87112
903	8.1386	3.5476	0.79333
904	3.3582	7.8002	1.7208
905	-6.4417	60.105	1.8258
906	-4.9875	68.072	2.309
907	2.1891	-2.6278	0.83863
908	54.269	-17.243	2.4167
909	9.9853	-0.19331	1.864
910	6.342	-0.67886	0.12472
911	5.8057	-39.523	2.24
912	6.4475	4.1821	1.9846
913	18.528	2.3037	1.1423
914	6.4454	4.004	1.9541
915	10.004	-78.002	2.6943
916	-3.8501	59.665	1.7268
917	6.0918	-12.111	1.6857
918	33.364	2.2445	1.2735
919	6.7774	-0.1366	0.13525
920	8.4877	18.903	1.5198
921	5.6943	-32.57	1.6947
922	6.5547	-6.3096	1.2598
923	22.376	0.0039547	2.0519
924	10.289	-4.8441	0.40891
925	30.749	-136.3	6.3003
926	4.1026	31.16	0.67482
927	8.5793	-17.358	1.729
928	-3.1605	10.765	1.2714
929	2.8408	-0.020797	1.957
930	8.7418	28.08	1.6314
931	5.5767	-9.4045	0.31982
932	6.6061	-13.06	1.9848
933	18.192	-2.0299	0.9769
934	15.13	-13.068	0.27645
935	42.683	-158.43	7.6018
936	14.187	-0.62053	1.0958
937	8.5882	-14.526	0.62749
938	-29.179	6.6218	1.2052
939	-1.6891	0.11495	1.1184
940	7.3028	28.17	0.9601
941	4.6682	24.004	1.1362
942	6.3826	-6.7201	0.98226
943	5.3498	-2.6773	1.1975
944	19.941	-20.041	1.2155
945	41.589	-134.99	6.2509
946	22.664	-24.059	1.0672
947	6.4868	-5.785	1.5893
948	-43.591	-11.909	2.0073
949	-3.8582	0.2181	1.7488
950	5.5271	3.7323	1.6487
951	3.4318	41.715	1.1108
952	6.0677	1.493	0.52857
953	-5.8004	-1.848	0.77811
954	18.802	-21.8	2.1636
955	26.896	-64.559	2.2042
956	23.297	-30.718	1.1191
957	4.2531	4.0717	0.58052
958	-22.229	-27.583	2.0848
959	-4.0179	0.30957	1.6288
960	4.1132	-19.298	1.3634
961	3.2318	40.85	0.60392
962	5.88	11.162	1.0752
963	-10.25	0.041912	1.7044
964	16.071	-17.652	2.0741
965	8.7526	26.132	1.919
966	17.46	-8.5145	0.92022
967	1.4634	8.6456	0.91357
968	14.937	-37.937	1.3286
969	-0.42588	0.25242	0.10385
970	3.7788	-35.708	2.1207
971	3.327	30.165	0.45457
972	5.7609	18.179	0.25989
973	-1.0862	1.6846	0.82838
974	9.9628	-3.3079	0.43084
975	-2.1362	101.49	3.1044
976	10.058	21.177	0.53871
977	-0.077794	4.9124	1.9486
978	47.094	-37.261	2.2499
979	2.8	0.16532	1.9378
980	4.8814	-31.356	1.4172
981	4.2585	13.772	0.63485
982	5.7786	21.359	1.8423
983	11.721	2.1368	0.99577
984	7.3952	10.727	0.92479
985	-2.6621	103.93	3.4105
986	2.3331	37.38	1.5359
987	-0.66872	-5.7692	1.4726
988	54.664	-33.589	2.087
989	5.5796	0.04557	0.24568
990	6.1768	-4.0152	1.9628
991	5.2641	-6.4232	1.1062
992	6.022	12.336	1.785
993	20.678	1.9609	1.1544
994	9.1664	12.738	0.17776
995	-2.1678	66.66	1.55
996	-2.3407	40.558	0.77264
997	-0.43916	-16.622	0.44677
998	33.77	-19.795	1.4815
999	5.2473	-0.02379	0.49715
1000	7.3571	22.745	1.5864
1001	5.393	-17.507	0.46556
1002	6.2816	3.768	1.9017
1003	20.295	0.35072	0.98151
1004	10.34	6.2941	0.87879
1005	9.1204	27.636	1.9461
1006	-1.9141	20.94	0.90164
1007	0.48957	-23.319	1.7628
1008	10.328	-5.1605	0.49223
1009	2.825	-0.066547	1.9513
1010	7.9347	34.1	1.3486
1011	5.1629	-12.5	1.4085
1012	6.4976	-2.9016	1.4647
1013	17.829	-1.1574	0.72263
1014	11.813	-2.7681	1.3117
1015	22.095	-13.549	0.18537
1016	-0.065638	-3.2943	1.6892
1017	2.5312	-16.247	1.4551
1018	-11.188	3.3165	1.1679
1019	0.20744	-0.063896	0.022448
1020	7.7298	22.549	1.2625
1021	4.9438	-2.8217	1.1025
1022	6.5987	-2.9119	1.4589
1023	8.6409	-2.2486	1.0063
1024	12.38	-10.749	0.82116
1025	30.634	-43.698	1.095
1026	2.8768	-22.724	0.22802
1027	4.8505	0.63862	0.88212
1028	-16.589	7.5237	1.4461
1029	-2.0682	-0.03244	1.4781
1030	7.0513	-6.6631	1.0242
1031	4.6668	7.9374	1.0569
1032	6.6029	3.8361	1.8778
1033	-0.35088	-2.4969	1.1833
1034	10.363	-13.752	0.50938
1035	25.591	-57.524	2.8756
1036	5.6149	-34.969	0.59258
1037	5.837	12.272	1.7078
1038	-4.5793	8.5119	1.1514
1039	-2.4941	-0.0066587	1.7991
1040	6.1426	-27.467	0.36573
1041	4.9559	19.214	0.97229
1042	6.2825	10.627	0.70477
1043	-5.8284	-1.7564	0.71918
1044	10.848	-9.0804	1.1954
1045	12.684	-35.634	0.36658
1046	7.9865	-28.357	1.2646
1047	5.6858	7.4962	0.56336
1048	13.176	3.9493	1.8176
1049	-1.6043	0.0080343	1.0341
1050	5.4897	-31.335	1.9447
1051	5.2331	19.095	0.80306
1052	5.8747	15.699	0.97405
1053	-2.9667	-0.15278	1.9812
1054	13.603	-3.1481	1.3592
1055	1.774	-5.4338	0.8539
1056	9.4722	-17.871	2.0987
1057	4.2941	0.28824	1.4024
1058	28.77	-3.367	0.57275
1059	1.2644	-0.0057975	0.69881
1060	5.6411	-17.4	0.31027
1061	4.907	9.5351	0.85543
1062	5.5901	13.735	1.7926
1063	1.1377	1.382	0.76605
1064	15.413	1.0416	1.7686
1065	-4.3009	22.392	0.73319
1066	6.3316	-7.9081	0.25614
1067	2.3007	-6.5395	0.95325
1068	32.934	-18.337	1.3066
1069	4.5478	-0.041191	1.169
1070	6.1673	4.1828	1.9904
1071	5.2581	-3.3439	1.3798
1072	5.4429	5.9676	1.3319
1073	8.9055	1.9583	1.1814
1074	15.204	-0.44326	1.8907
1075	-3.4906	36.726	1.97
1076	2.653	-2.9327	0.57831
1077	0.24469	-12.061	1.6421
1078	24.079	-31.872	1.8215
1079	5.6365	-0.072469	0.2109
1080	6.704	19.351	0.70447
1081	5.3286	-11.52	1.2064
1082	5.8889	-2.3731	1.1089
1083	14.763	1.8306	1.2151
1084	15.59	-4.4919	0.073407
1085	6.0801	30.924	2.2202
1086	-0.16338	-3.9273	1.9257
1087	-0.58411	-13.813	1.8336
1088	8.6003	-34.591	1.8485
1089	5.6479	-0.078318	0.20429
1090	6.9741	24.169	1.303
1091	4.758	-14.41	1.0905
1092	6.351	-7.5222	0.45546
1093	18.882	0.84532	0.26313
1094	14.814	-6.9737	1.2029
1095	21.723	22.078	0.28001
1096	0.4775	-11.532	1.296
1097	0.9576	-9.7976	0.56426
1098	-4.9326	-19.721	1.0616
1099	4.6916	-0.045125	1.0263
1100	7.1163	10.602	0.80552
1101	4.2788	-8.6675	1.4385
1102	6.6392	-3.8481	1.8703
1103	19.152	-0.26144	0.15333
1104	13.393	-6.9634	0.91479
1105	28.611	-11.357	1.0712
1106	2.9176	-20.883	0.53705
1107	3.6063	-2.6766	0.72227
1108	-7.1195	-4.2007	1.6775
1109	2.3263	-0.017763	1.687
1110	6.9979	-6.8991	0.89935
1111	4.2901	7.261	1.1856
1112	6.5566	3.2181	1.6371
1113	11.427	-1.158	0.74739
1114	10.652	-4.8043	0.70824
1115	32.07	-37.219	1.3048
1116	5.6018	-23.226	1.7292
1117	4.7839	1.7847	0.9848
1118	-4.1458	3.6737	0.54837
1119	2.1152	0.0090807	1.519
1120	6.2961	-18.699	0.30501
1121	4.6892	20.631	1.1018
1122	6.2019	8.201	0.14432
1123	1.7932	-1.8018	1.0661
1124	9.6857	-2.5649	0.79279
1125	28.77	-32.153	0.81862
1126	7.1508	-18.994	0.6831
1127	5.1627	0.80832	0.64075
1128	8.6538	5.2939	0.43448
1129	2.8748	0.016656	1.9666
1130	5.6779	-22.967	1.8486
1131	5.5031	27.554	0.62468
1132	5.8749	10.703	0.77859
1133	-3.4784	-0.63717	1.8528
1134	10.081	-0.70642	1.7211
1135	20.325	-6.6353	1.1162
1136	6.8088	-13.16	1.9138
1137	4.8776	-2.8911	1.083
1138	20.576	-1.1052	1.216
1139	3.7533	0.0010747	1.8222
1140	5.4371	-15.978	0.87361
1141	5.4237	29.082	1.3121
1142	5.7537	10.126	0.48185
1143	-1.9264	0.79789	1.2953
1144	11.042	0.63103	0.98872
1145	10.416	17.579	1.6467
1146	5.118	-3.7608	1.3597
1147	4.4861	-7.3177	1.1184
1148	23.66	-7.1487	1.1198
1149	4.567	-0.043382	1.15
1150	5.3537	-1.9813	0.90704
1151	4.893	22.284	1.3095
1152	5.8622	4.4157	1.926
1153	5.5242	1.3787	0.60091
1154	12.394	0.18735	0.061902
1155	3.937	35.526	2.0193
1156	3.0356	3.5856	0.18831
1157	3.9604	-9.951	1.527
1158	21.691	-18.194	2.1134
1159	4.3128	-0.083596	1.393
1160	5.5164	11.076	1.0223
1161	4.8678	9.0279	0.87229
1162	6.0982	-0.1328	0.030684
1163	12.402	1.2452	0.41062
1164	13.145	-0.29047	0.22339
1165	1.691	37.748	1.3584
1166	2.0778	9.4082	1.476
1167	3.6046	-9.7788	1.7493
1168	13.778	-23.521	1.3978
1169	3.3854	-0.091044	1.9713
1170	6.0197	12.698	1.9205
1171	4.2685	-2.0966	1.0435
1172	6.3259	-4.0766	1.9799
1173	17.248	0.35446	1.1041
1174	10.156	-0.43524	1.7352
1175	11.978	26.883	0.39548
1176	2.0873	10.65	1.1864
1177	2.6549	-8.28	1.8229
1178	6.6174	-27.173	0.31295
1179	2.1722	-0.077342	1.5661
1180	6.6197	7.5971	0.44699
1181	4.6149	-4.9898	0.92138
1182	6.4916	-4.9583	1.9308
1183	12.579	-0.6458	0.1422
1184	8.2206	-0.30596	1.367
1185	21.801	-2.1735	1.1533
1186	2.2031	8.1856	1.538
1187	2.4213	-4.8826	0.29181
1188	0.33528	-30.292	2.0239
1189	2.4851	-0.032714	1.7935
1190	6.9793	-3.1465	1.4815
1191	4.8121	-4.1727	1.1079
1192	6.5231	-3.5616	1.8026
1193	4.8919	-1.0449	0.87426
1194	6.6957	0.05998	0.095914
1195	25.861	-28.408	1.1251
1196	2.9957	3.8937	0.090331
1197	3.8358	-2.3268	0.94785
1198	-3.4416	-31.268	0.29881
1199	2.7314	0.014196	1.9189
1200	7.054	-11.033	1.0053
1201	4.5733	3.9485	0.87887
1202	6.4742	0.26148	0.045424
1203	-1.088	-0.77459	0.60407
1204	5.4732	0.37508	0.34209
1205	23.346	-34.798	1.624
1206	4.9921	-1.2758	0.83546
1207	4.5632	-2.0284	1.0265
1208	-5.6526	-19.318	0.73
1209	2.2342	0.023887	1.6169
1210	6.6723	-7.5959	0.45919
1211	3.8871	11.496	0.83724
1212	6.3018	3.503	1.8
1213	-2.4414	-0.026124	1.7661
1214	7.7155	0.58807	0.88873
1215	20.456	-13.589	1.1155
1216	6.2904	-3.5656	1.8267
1217	3.1189	-4.0835	0.038967
1218	-2.6042	-6.2508	0.76383
1219	1.9343	0.0081442	1.3565
1220	6.162	-2.2732	1.0471
1221	3.4586	16.627	1.7279
1222	6.0588	3.7114	1.86
1223	-1.6989	0.63998	1.1158
1224	9.1691	0.6327	1.8934
1225	11.486	6.1552	1.2083
1226	6.0183	-1.2832	0.41515
1227	3.1539	-4.1471	0.028659
1228	0.31025	4.9886	1.8885
1229	3.706	-0.013665	1.8483
1230	5.8015	3.2667	1.608
1231	3.3335	14.429	0.35541
1232	5.909	2.9366	1.4618
1233	3.2751	0.76027	1.8541
1234	9.4486	0.4652	1.9685
1235	6.5895	15.663	0.99591
1236	4.5418	1.8423	1.051
1237	4.0452	-3.7389	0.46388
1238	2.8121	11.986	0.48719
1239	5.2279	-0.050118	0.5142
1240	5.7555	6.4869	1.1269
1241	4.347	11.998	0.83018
1242	5.942	0.62584	0.15733
1243	9.656	0.50181	1.9361
1244	8.7262	0.14408	1.7808
1245	3.7347	11.272	0.93903
1246	3.626	5.174	0.24066
1247	5.0335	-2.1056	0.98162
1248	4.2346	1.2183	1.3044
1249	4.804	-0.066812	0.91437
1250	5.9939	4.0306	1.931
1251	5.4364	5.9811	1.324
1252	6.03	-1.834	0.74801
1253	13.631	-0.11229	0.56313
1254	8.4024	-0.19485	1.534
1255	9.791	3.3244	0.37013
1256	3.1442	7.5681	1.6132
1257	5.633	-1.6329	0.68681
1258	3.5801	-10.381	1.4751
1259	4.4898	-0.071933	1.2255
1260	6.3651	1.1218	0.31125
1261	6.5647	0.84018	0.21491
1262	6.1685	-2.8176	1.418
1263	13.085	-0.59983	0.25137
1264	8.75	-0.29237	1.7834
1265	17.668	-12.794	1.4714
1266	4.0727	6.3359	0.87678
1267	6.2819	-0.76914	0.1543
1268	3.4389	-22.178	0.1701
1269	2.9977	-0.049102	1.9913
1270	6.6575	-1.9675	0.8458
1271	7.0249	0.31538	0.29329
1272	6.2623	-1.2747	0.38982
1273	9.2882	-0.52674	1.9444
1274	9.2347	-0.20011	1.9935
1275	19.828	-23.489	1.5827
1276	4.805	1.8704	0.98393
1277	5.3044	-0.99951	0.5829
1278	4.4537	-23.998	1.071
1279	2.593	-0.015428	1.8549
1280	6.7146	-3.8993	1.8572
1281	6.5269	2.1787	0.98251
1282	6.3397	0.95171	0.22954
1283	4.6367	-0.10976	1.0808
1284	8.6951	0.0075377	1.7643
1285	15.909	-26.618	2.2198
1286	5.0938	-1.9641	0.94009
1287	3.8136	-1.8491	1.2082
1288	5.3799	-15.552	1.0667
1289	3.2221	0.015173	1.9993
1290	6.4958	-4.0999	1.9636
1291	4.8033	6.9282	1.0009
1292	6.3141	2.6008	1.2766
1293	0.86883	0.31441	0.37039
1294	8.5987	0.26137	1.6847
1295	12.654	-20.219	1.3011
1296	5.5446	-2.6483	1.2292
1297	2.3474	-2.8767	0.69022
1298	5.8636	-4.0053	1.8825
1299	3.5346	0.0060521	1.9269
1300	6.2217	-1.6395	0.61114
1301	3.4521	9.4696	1.8976
1302	6.2325	3.7804	1.9044
1303	0.24734	0.55544	0.10435
1304	8.9759	0.42041	1.8816
1305	10.818	-11.928	0.96824
1306	5.9793	0.35338	0.084422
1307	1.7891	-3.3613	0.84733
1308	5.9762	3.0688	1.5489
1309	3.6091	-0.031671	1.8957
1310	6.026	1.4472	0.5062
1311	3.0696	12.117	0.38577
1312	6.1317	2.6086	1.2784
1313	0.23227	0.64522	0.12651
1314	10.191	0.44532	1.7112
1315	8.0978	0.38727	1.2488
1316	6.426	2.9198	1.4816
1317	3.2779	-3.3029	0.31951
1318	5.5253	3.136	1.4477
1319	3.9611	-0.075807	1.6855
1320	5.9147	3.8763	1.8715
1321	2.9604	13.9	0.14618
1322	6.0604	0.45612	0.084237
1323	3.1716	0.51097	1.9376
1324	11.09	0.22295	0.93724
1325	10.583	10.242	1.2846
1326	6.6149	3.4697	1.7443
1327	5.6347	-2.2221	1.0095
1328	5.0957	-8.4765	0.66602
1329	3.0785	-0.073355	1.999
1330	6.0567	2.5394	1.228
1331	3.0962	14.008	0.16564
1332	6.0356	-1.716	0.67065
1333	7.7185	0.095719	0.8801
1334	11.582	-0.046935	0.48082
1335	16.087	16.686	1.8027
1336	6.4949	2.7648	1.3789
1337	6.8033	-1.6079	0.64744
1338	4.7088	-20.141	1.1066
1339	1.8052	-0.06588	1.2328
1340	6.2963	-1.1473	0.32172
1341	3.4299	8.4358	1.9313
1342	6.0705	-2.9619	1.5001
1343	10.955	-0.31631	1.0699
1344	11.54	-0.23979	0.52297
1345	22.714	14.013	0.51425
1346	6.1013	0.46534	0.078617
1347	7.0793	-1.4931	0.66854
1348	4.2507	-26.667	1.6277
1349	1.5687	-0.048053	0.99853
1350	6.5171	-4.0398	1.9482
1351	4.9597	1.8144	0.93749
1352	6.1667	-3.6812	1.8655
1353	12.783	-0.49508	0.12345
1354	10.399	-0.31124	1.5753
1355	20.422	-0.4971	1.1062
1356	5.7925	-1.7618	0.72752
1357	6.3112	-1.3332	0.42303
1358	4.0116	-26.698	1.8268
1359	2.8644	-0.023095	1.9637
1360	6.602	-4.8209	1.9326
1361	5.9077	0.76738	0.21217
1362	6.2584	-2.0716	0.90511
1363	12.628	-0.20169	0.051881
1364	7.8748	-0.26014	1.036
1365	15.19	-17.831	2.0052
1366	5.6522	-3.2508	1.5478
1367	5.3726	-1.9848	0.90605
1368	4.1865	-13.29	0.54678
1369	4.1427	0.0022677	1.5436
1370	6.4765	-4.2685	1.989
1371	5.8183	0.68153	0.21652
1372	6.2869	0.10796	0.012804
1373	7.7258	0.21179	0.88856
1374	6.3712	0.084612	0.015802
1375	12.929	-25.298	0.6665
1376	5.8152	-2.9345	1.4418
1377	3.8053	-2.2989	0.96184
1378	4.1494	-5.7783	0.69972
1379	3.8234	0.015155	1.78
1380	6.2604	-1.6482	0.61622
1381	4.994	5.8264	1.1699
1382	6.3114	1.9831	0.8433
1383	2.6895	0.45265	1.8557
1384	5.0176	0.35356	0.71513
1385	8.8166	-22.935	0.43437
1386	6.1662	-0.62311	0.11129
1387	2.4268	-2.7151	0.74499
1388	4.7871	-0.26523	0.93244
1389	3.2807	0.017053	1.993
1390	6.0905	1.1193	0.31978
1391	3.8687	9.2638	1.7458
1392	6.3212	1.7877	0.70906
1393	-1.2502	0.44347	0.7007
1394	4.6152	0.34872	1.0994
1395	9.7851	-13.487	0.13946
1396	6.5035	2.0264	0.87744
1397	2.2553	-3.1797	0.60738
1398	5.0386	-4.137	1.3236
1399	2.7626	-0.020654	1.9309
1400	6.0833	2.4718	1.1834
1401	2.9535	9.77	1.8226
1402	6.3091	0.19243	0.019536
1403	1.3359	0.34978	0.77483
1404	4.5449	0.13302	1.1711
1405	9.9624	-2.5208	0.84595
1406	6.6841	3.8962	1.8677
1407	3.9201	-3.8485	0.35752
1408	5.1128	-14.176	1.3788
1409	3.2264	-0.05593	1.9982
1410	6.1292	1.8281	0.7389
1411	3.3348	11.287	0.91013
1412	6.2936	-1.2602	0.38178
1413	6.658	0.096074	0.08265
1414	5.2057	-0.091077	0.53423
1415	8.4578	6.326	0.89333
1416	6.5055	2.8371	1.424
1417	6.1371	-3.982	1.9507
1418	5.3887	-20.175	1.1892
1419	3.9077	-0.067437	1.7236
1420	6.2776	0.99021	0.24539
1421	3.6964	8.3879	1.8189
1422	6.2759	-2.1372	0.95144
1423	11.224	-0.15129	0.80615
1424	6.7771	-0.24938	0.14467
1425	7.233	6.7521	0.9884
1426	6.2029	-0.090298	0.014876
1427	7.3245	-3.5935	1.4333
1428	5.8126	-17.421	0.22021
1429	3.499	-0.043419	1.9394
1430	6.4257	-0.69109	0.13644
1431	4.9965	5.8758	1.1632
1432	6.2672	-1.4857	0.51335
1433	14.203	-0.28996	1.1149
1434	7.9762	-0.2383	1.1361
1435	6.137	3.8374	1.9131
1436	5.9755	-2.6015	1.2637
1437	7.3435	-3.2634	1.3444
1438	5.4078	-9.9939	0.57843
1439	3.2118	-0.010113	2.0001
1440	6.5178	-2.0716	0.90883
1441	6.1674	3.7159	1.8779
1442	6.2735	-0.143	0.014999
1443	10.939	-0.21311	1.0857
1444	7.7916	-0.18571	0.95336
1445	6.062	0.36938	0.06668
1446	5.9083	-3.9749	1.8927
1447	5.6355	-2.88	1.3681
1448	4.35	-3.4551	0.73618
1449	3.985	0.00087693	1.6689
1450	6.5587	-2.2342	1.0207
1451	6.318	5.1444	1.8955
1452	6.2831	1.0978	0.29662
1453	6.137	-0.016376	0.020148
1454	6.4219	0.0046684	0.01992
1455	6.0304	-2.6583	1.3052
1456	6.0974	-3.517	1.792
1457	4.2353	-2.3679	0.95842
1458	3.5509	-3.1039	0.46952
1459	3.6388	-0.020957	1.8821
1460	6.4979	-2.2016	0.99803
1461	5.4142	7.1338	0.80962
1462	6.2902	1.6189	0.59729
1463	2.0398	0.16234	1.45
1464	5.1747	0.18244	0.56439
1465	6.018	-4.1328	1.9553
1466	6.3801	-0.41969	0.058418
1467	3.7955	-1.8831	1.1926
1468	3.2581	-5.6278	0.34608
1469	2.313	-0.050516	1.6768
1470	6.3799	-1.5894	0.58064
1471	4.27	6.4061	0.93708
1472	6.2919	1.1707	0.33376
1473	0.83713	0.18078	0.33605
1474	4.7974	0.27507	0.92248
1475	6.1411	-2.8771	1.4542
1476	6.5518	2.5318	1.2222
1477	3.9124	-1.9283	1.1524
1478	3.3665	-13.9	0.15489
1479	0.35658	-0.074351	0.064233
1480	6.2551	-0.13193	0.014527
1481	4.1566	6.2374	0.85716
1482	6.291	0.063308	0.010928
1483	1.9471	0.058285	1.3682
1484	5.1217	0.28771	0.61681
1485	6.2467	-0.53652	0.08155
1486	6.4617	3.0521	1.5581
1487	4.567	-2.081	1.0207
1488	4.866	-20.342	1.1468
1489	0.51476	-0.058434	0.1304
1490	6.151	1.1832	0.34568
1491	4.2371	7.7375	1.3343
1492	6.2901	-0.91419	0.21188
1493	4.5476	-0.069271	1.169
1494	6.0386	0.22661	0.051329
1495	6.3429	2.0474	0.88857
1496	6.2549	3.1345	1.6137
1497	5.1621	-1.9717	0.93126
1498	6.3814	-21.983	2.1129
1499	3.2044	-0.041039	2.0002
1500	6.1549	1.6464	0.61791
1501	4.5339	7.3267	1.0987
1502	6.2861	-1.5855	0.57586
1503	7.8722	-0.13536	1.0336
1504	7.0375	0.078974	0.28476
1505	6.3867	3.7009	1.8745
1506	6.0672	2.6162	1.28
1507	5.255	-1.2188	0.6711
1508	6.4247	-11.866	1.5514
1509	6.1236	-0.022037	0.022204
1510	6.2312	1.5313	0.54206
1511	4.9721	7.5312	0.87261
1512	6.2833	-0.89557	0.20397
1513	9.9329	-0.12439	1.895
1514	7.7283	-0.065535	0.88971
1515	6.3377	2.3186	1.0799
1516	5.9936	1.5464	0.56932
1517	4.6699	-1.3092	1.0314
1518	5.9953	-1.7334	0.68536
1519	8.6823	-0.0029016	1.7557
1520	6.3261	0.65631	0.1167
1521	5.1383	7.6044	0.76621
1522	6.2801	0.069999	0.011091
1523	10.735	-0.064553	1.2866
1524	7.8494	-0.13411	1.0108
1525	6.1451	0.74677	0.15401
1526	6.012	-0.13898	0.050233
1527	4.1005	-1.8772	1.1435
1528	4.9095	5.733	1.1341
1529	9.1487	0.0063471	1.983
1530	6.3939	-0.68757	0.13164
1531	4.8002	5.6852	1.0698
1532	6.2782	0.87505	0.19546
1533	10.313	0.04443	1.6567
1534	7.3157	-0.052614	0.50109
1535	5.9785	-0.74682	0.18507
1536	6.1451	-1.5511	0.55795
1537	3.5317	-2.3203	0.93988
1538	3.7424	2.7078	0.72719
1539	7.6258	0.0052515	0.78833
1540	6.4196	-1.3791	0.45494
1541	4.8175	4.3282	1.1151
1542	6.2822	1.562	0.5609
1543	8.6547	0.1231	1.7339
1544	6.1981	0.080096	0.014821
1545	5.8721	-1.2017	0.40383
1546	6.3168	-2.4379	1.1638
1547	3.3644	-2.9534	0.52246
1548	2.7896	-7.9168	1.7445
1549	5.9571	0.00098066	0.061561
1550	6.3617	-1.3361	0.42641
1551	4.6181	6.965	1.0373
1552	6.2857	2.0335	0.87842
1553	6.579	0.12268	0.05786
1554	5.2638	0.19147	0.48784
1555	5.9617	-0.7109	0.1776
1556	6.4428	-2.3398	1.0943
1557	4.238	-2.712	0.85103
1558	2.2561	-13.918	0.47091
1559	4.6283	-0.0088041	1.0894
1560	6.2775	-0.17939	0.01791
1561	4.2678	10.461	1.2216
1562	6.2884	1.7145	0.6598
1563	4.7098	0.073428	1.0081
1564	4.6259	0.24546	1.0905
1565	6.158	0.072195	0.018597
1566	6.4206	-1.7649	0.69683
1567	5.2745	-1.5048	0.74884
1568	2.0417	-14.399	0.72296
1569	3.7216	-0.018177	1.8398
1570	6.1956	0.90827	0.21212
1571	4.0039	11.535	0.84352
1572	6.2907	0.74976	0.14733
1573	3.9652	-0.015821	1.6835
1574	4.2031	0.12387	1.4901
1575	6.34	0.74429	0.14691
1576	6.3674	-0.32104	0.039274
1577	6.2429	-1.0173	0.25839
1578	3.4736	-8.0009	1.7853
1579	4.4635	-0.018719	1.2513
1580	6.1492	1.0355	0.2727
1581	4.1378	8.9099	1.5676
1582	6.2896	-0.47311	0.065402
1583	3.9177	-0.086781	1.7162
1584	4.9711	-0.0043596	0.75034
1585	6.4096	1.1727	0.34054
1586	6.2553	0.98407	0.24281
1587	6.6662	-1.3247	0.46202
1588	4.692	-2.369	1.0048
1589	5.3599	-0.012701	0.40402
1590	6.1445	0.40697	0.059808
1591	5.0942	7.1266	0.89955
1592	6.2884	-1.2896	0.39804
1593	4.1708	-0.099983	1.5185
1594	6.3897	-0.085753	0.017701
1595	6.4037	0.93899	0.22863
1596	6.1521	1.6339	0.61001
1597	6.1603	-1.5201	0.53784
1598	5.326	1.9239	0.88777
1599	6.6657	-0.0083967	0.083402
1600	6.1528	-0.37961	0.053497
1601	5.8531	5.4363	1.7097
1602	6.2864	-1.7005	0.6505
1603	5.6135	-0.03085	0.22403
1604	7.5297	-0.12829	0.69682
1605	6.2649	0.33711	0.03828
1606	6.1396	1.3865	0.45894
1607	4.8226	-2.095	0.9971
1608	5.9099	0.65731	0.17647
1609	7.5692	-0.0073085	0.73337
1610	6.2335	-0.83164	0.1789
1611	5.7573	4.6378	1.8703
1612	6.2867	-1.0599	0.27813
1613	7.1035	0.04554	0.33101
1614	7.9995	-0.064617	1.1609
1615	6.1388	-0.33525	0.047527
1616	6.212	-0.18898	0.021083
1617	3.1113	-2.4207	0.86351
1618	6.0856	-5.3577	1.7989
1619	7.7633	-0.010703	0.92454
1620	6.317	-0.57938	0.093338
1621	4.6775	5.9339	0.99705
1622	6.2889	0.40716	0.051104
1623	8.2501	0.077946	1.4023
1624	6.867	0.061895	0.17821
1625	6.0881	-0.55521	0.10294
1626	6.2989	-1.5326	0.5425
1627	3.0489	-2.008	1.153
1628	5.0061	-11.089	1.0332
1629	7.1655	-0.013787	0.37747
1630	6.3474	-0.11964	0.015703
1631	3.8844	7.0428	1.211
1632	6.2905	1.4109	0.46814
1633	8.1903	0.052935	1.3465
1634	5.5977	0.16184	0.23881
1635	6.116	-0.46248	0.075611
1636	6.339	-1.6201	0.59883
1637	3.4135	-1.6264	1.397
1638	4.5285	-11.837	0.94992
1639	6.4416	-0.019931	0.02299
1640	6.3503	0.31106	0.036398
1641	3.8597	9.0022	1.7745
1642	6.2912	2.0099	0.8619
1643	7.05	0.0051733	0.29229
1644	4.8312	0.22839	0.88885
1645	6.1792	-0.123	0.018712
1646	6.3412	-0.47966	0.068669
1647	3.9787	-1.8083	1.1976
1648	4.7121	-11.633	1.0393
1649	5.5912	-0.020014	0.23789
1650	6.3247	0.66446	0.11924
1651	4.4098	10.9	1.0781
1652	6.2903	1.203	0.35078
1653	5.805	-0.037917	0.12092
1654	5.4401	0.16879	0.347
1655	6.272	0.28567	0.030249
1656	6.2552	0.82197	0.17449
1657	4.4692	-1.5605	1.1141
1658	5.1786	-11.428	1.1405
1659	5.1675	-0.016683	0.56718
1660	6.286	0.64689	0.11279
1661	4.9215	8.5646	0.82217
1662	6.2892	-0.19813	0.019714
1663	5.13	-0.048571	0.60121
1664	6.5569	0.022458	0.048091
1665	6.3205	0.52749	0.079466
1666	6.1791	1.4223	0.47748
1667	4.7795	-1.7996	0.98682
1668	5.1363	-9.9156	0.72413
1669	5.2233	-0.0098844	0.51784
1670	6.2394	0.20612	0.021292
1671	5.288	6.1197	1.2208
1672	6.2866	-1.2659	0.38489
1673	5.3101	-0.033904	0.44448
1674	7.2745	-0.090324	0.46673
1675	6.2851	0.28827	0.030601
1676	6.1399	1.3928	0.46261
1677	5.1526	-2.2261	1.0093
1678	5.1293	-7.1497	0.88308
1679	5.6184	-0.0026033	0.22087
1680	6.2094	-0.2845	0.03249
1681	5.5275	5.8511	1.412
1682	6.2858	-2.1334	0.94878
1683	5.8142	-0.016584	0.1165
1684	7.5589	-0.11893	0.72449
1685	6.2408	-0.023157	0.010768
1686	6.1826	0.2403	0.028953
1687	5.5266	-2.2483	1.0227
1688	4.717	-8.0118	1.0178
1689	6.2397	-0.0015402	0.010679
1690	6.2227	-0.63371	0.11015
1691	5.7198	8.0451	0.32392
1692	6.2846	-2.1892	0.98827
1693	6.6344	0.0069911	0.072071
1694	7.4691	-0.051357	0.63871
1695	6.221	-0.28824	0.032286
1696	6.2562	-0.91773	0.21356
1697	5.2348	-2.6739	1.1656
1698	4.456	-8.6635	1.2742
1699	6.7778	-7.6461e-05	0.13135
1700	6.2444	-0.81148	0.1707
1701	5.1349	9.7323	0.69156
1702	6.2847	-0.34778	0.039992
1703	7.2135	0.024561	0.41548
1704	6.7487	0.047762	0.1183
1705	6.224	-0.49784	0.072713
1706	6.3009	-1.4036	0.46388
1707	5.0675	-3.0699	1.2051
1708	4.6645	-8.6944	1.0718
1709	7.1953	0.00057483	0.4009
1710	6.2705	-0.72317	0.13795
1711	4.8253	10.231	0.96658
1712	6.2847	1.5119	0.52951
1713	7.139	0.027015	0.35726
1714	5.7853	0.12187	0.13304
1715	6.2467	-0.42881	0.056056
1716	6.2956	-1.1482	0.32217
1717	4.8465	-2.7922	1.0604
1718	4.6844	-5.8058	0.99792
1719	7.197	0.00085031	0.40225
1720	6.2942	-0.21974	0.022023
1721	3.833	5.8033	0.57154
1722	6.2835	2.962	1.5121
1723	6.4292	0.017201	0.021046
1724	5.0244	0.15944	0.7013
1725	6.2724	-0.31635	0.034832
1726	6.2876	-0.075176	0.011307
1727	4.573	-2.2824	1.0005
1728	4.5092	-3.4711	0.85212
1729	6.5122	3.8451e-05	0.036703
1730	6.2918	0.25724	0.026447
1731	3.0728	3.0044	0.48005
1732	6.2832	2.9405	1.4989
1733	5.7498	0.0065291	0.14716
1734	4.6755	0.15147	1.0421
1735	6.2894	-0.041388	0.010337
1736	6.2784	0.86727	0.19227
1737	4.6883	-2.2612	1.0061
1738	4.1522	-6.2214	0.85028
1739	5.7356	-0.00068769	0.15443
1740	6.282	0.47019	0.064685
1741	3.6959	2.1592	1.042
1742	6.2836	1.8082	0.72262
1743	5.4715	-0.0051709	0.31922
1744	5.7507	0.11146	0.1494
1745	6.3031	0.1971	0.019834
1746	6.272	1.1065	0.30097
1747	4.7327	-3.1011	1.0198
1748	3.8052	-11.338	0.90773
1749	5.5314	-0.0013266	0.27719
1750	6.2601	0.52895	0.07925
1751	5.037	3.089	1.1924
1752	6.2855	-0.49908	0.071568
1753	5.4315	-0.010976	0.34871
1754	6.9242	0.048258	0.21096
1755	6.3049	0.30589	0.033493
1756	6.2776	0.85747	0.1883
1757	4.6061	-3.8893	0.91106
1758	4.3661	-14.926	0.91553
1759	6.0585	-0.0016572	0.034314
1760	6.2442	0.24278	0.025211
1761	6.2884	3.5189	1.807
1762	6.2871	-2.2281	1.0158
1763	6.0716	-0.010019	0.031545
1764	7.3739	0.0039958	0.5517
1765	6.2986	0.21372	0.021446
1766	6.2882	0.24127	0.02443
1767	4.4004	-3.2908	0.79692
1768	5.5142	-12.91	1.7367
1769	6.6254	-0.0014276	0.068969
1770	6.2361	-0.19831	0.020643
1771	6.2755	5.0687	1.9199
1772	6.2876	-2.9065	1.4777
1773	6.7139	-0.0036456	0.10261
1774	7.4875	0.00026582	0.65564
1775	6.2911	0.032858	0.010196
1776	6.2964	-0.47573	0.066099
1777	4.0362	-1.5831	1.2777
1778	5.9908	-5.1565	1.8538
1779	6.9462	-0.00070408	0.22389
1780	6.244	-0.55438	0.086389
1781	6.0225	6.3166	1.2542
1782	6.2872	-3.1135	1.6021
1783	6.9867	0.0038409	0.24966
1784	6.6725	0.0083322	0.085981
1785	6.2833	-0.13249	0.01426
1786	6.2979	-0.73884	0.14354
1787	4.0788	0.25535	1.5866
1788	5.7812	2.7355	1.3219
1789	6.9553	-0.00015281	0.22957
1790	6.2646	-0.52798	0.078926
1791	5.6918	9.2887	0.23298
1792	6.2851	-1.5838	0.57473
1793	6.5739	0.0081679	0.052771
1794	5.5742	0.020175	0.24884
1795	6.2777	-0.25566	0.02618
1796	6.2932	-0.38617	0.047037
1797	4.5139	1.6902	1.0782
1798	4.8121	3.445	1.0846
1799	6.5017	0.00016515	0.034355
1800	6.2876	-0.31595	0.03477
1801	4.8256	11.108	1.0367
1802	6.2814	0.70779	0.13264
1803	6.1526	0.0073321	0.017992
1804	4.8356	0.048389	0.88299
1805	6.2776	-0.21221	0.021116
1806	6.2826	-0.030997	0.010108
1807	5.3288	0.57423	0.47608
1808	4.338	-2.8364	0.85265
1809	5.9841	-0.00038758	0.053345
1810	6.29	-0.011663	0.0099486
1811	4.5103	8.7805	1.2246
1812	6.2786	2.6074	1.2811
1813	5.8842	0.002446	0.087196
1814	4.9204	0.079335	0.79985
1815	6.2844	-0.047843	0.010447
1816	6.2722	0.27718	0.029059
1817	6.1812	-2.8315	1.4275
1818	4.4346	-7.5408	1.1784
1819	5.6772	-0.00093877	0.18614
1820	6.289	0.25087	0.025614
1821	3.6622	4.0186	0.17863
1822	6.2782	3.1966	1.6486
1823	5.8153	-0.0029572	0.11595
1824	6.0204	0.087846	0.045246
1825	6.2892	0.11242	0.013068
1826	6.2697	0.40215	0.050115
1827	6.7167	-5.7466	1.5679
1828	5.1893	-9.6824	0.64207
1829	5.8022	-0.0014392	0.12187
1830	6.2851	0.40534	0.050713
1831	3.0445	3.1908	0.37485
1832	6.2797	1.3221	0.41639
1833	6.0067	-0.0061483	0.047019
1834	7.0459	0.069783	0.29033
1835	6.2892	0.18209	0.018192
1836	6.2727	0.21168	0.021084
1837	6.1761	-6.023	1.4542
1838	5.7303	-7.6595	0.47224
1839	6.0162	-0.0014398	0.044476
1840	6.2798	0.26582	0.027496
1841	4.0095	2.695	0.79341
1842	6.2834	-1.1787	0.33792
1843	6.3458	-0.0052423	0.012031
1844	7.7502	0.024623	0.91141
1845	6.2858	0.21171	0.021077
1846	6.2786	-0.096783	0.012209
1847	5.4314	-4.5	1.6705
1848	5.3551	-5.1633	1.5371
1849	6.3026	-0.001101	0.01012
1850	6.2778	0.011222	0.0098986
1851	4.8374	6.9496	0.99295
1852	6.2883	-2.6331	1.2986
1853	6.5905	-0.0017869	0.05772
1854	7.8799	-0.022601	1.0414
1855	6.2805	0.16974	0.017066
1856	6.2851	-0.32433	0.036087
1857	4.6505	-2.3553	1.0009
1858	4.7415	-4.9194	1.0392
1859	6.5476	-0.00063184	0.045468
1860	6.2772	-0.21226	0.021122
1861	5.1559	10.59	0.8813
1862	6.2907	-2.8111	1.4168
1863	6.6177	0.0023157	0.066374
1864	7.1271	-0.03798	0.34843
1865	6.277	0.058901	0.010737
1866	6.2893	-0.32225	0.035783
1867	3.5566	-1.2152	1.6011
1868	3.8007	-5.9316	0.62091
1869	6.6888	-5.9166e-05	0.092312
1870	6.2776	-0.21871	0.021814
1871	5.8605	12.475	1.7981
1872	6.2924	-2.7475	1.3752
1873	6.4548	0.0048992	0.025116
1874	5.9903	-0.0055755	0.051561
1875	6.2825	-0.061828	0.010824
1876	6.2907	-0.19694	0.019611
1877	2.7139	-0.89646	1.7352
1878	3.4207	-7.5702	1.5917
1879	6.4757	0.00029546	0.02895
1880	6.2791	-0.085626	0.011699
1881	5.2011	12.569	1.4496
1882	6.2897	-1.7571	0.68822
1883	6.1787	0.0050735	0.015008
1884	5.1574	0.026955	0.57623
1885	6.287	-0.13068	0.014159
1886	6.2884	0.011078	0.0099301
1887	3.7149	-1.7571	1.2751
1888	4.3399	-9.526	1.3547
1889	6.2493	-8.2129e-05	0.010337
1890	6.2808	0.054554	0.01061
1891	4.346	7.3244	1.1793
1892	6.2863	0.4204	0.053788
1893	5.998	0.00094968	0.049379
1894	5.032	0.04953	0.69232
1895	6.2878	-0.12506	0.013806
1896	6.2844	0.18701	0.018614
1897	5.1929	-2.8284	1.2011
1898	5.4422	-10.214	0.64001
1899	6.0901	-0.00056997	0.027862
1900	6.2808	0.15063	0.015537
1901	3.4675	4.7986	0.091226
1902	6.2842	2.2061	1.0002
1903	5.985	-0.0030882	0.053074
1904	5.2482	0.05861	0.49677
1905	6.2874	-0.04926	0.010499
1906	6.2807	0.27801	0.029145
1907	6.075	-2.3566	1.104
1908	5.546	-11.091	1.0301
1909	6.0972	-0.0009121	0.026543
1910	6.2793	0.16667	0.016809
1911	3.5834	2.1502	1.0499
1912	6.2837	2.6673	1.3217
1913	6.0308	-0.0050318	0.040786
1914	6.0422	0.058954	0.038876
1915	6.2856	0.048525	0.010469
1916	6.2788	0.25228	0.025751
1917	5.8687	-2.0248	0.88279
1918	4.7471	-10.134	1.0093
1919	6.187	-0.00083701	0.014191
1920	6.2783	0.064314	0.010901
1921	4.4906	0.033948	1.225
1922	6.283	1.1517	0.32389
1923	6.1838	-0.0030514	0.014493
1924	6.8188	0.036694	0.15194
1925	6.2834	0.12868	0.014011
1926	6.278	0.12443	0.013739
1927	5.0999	-2.1792	0.9964
1928	3.6987	-6.4904	0.9098
1929	6.3252	-0.00058638	0.010884
1930	6.2778	-0.056675	0.010671
1931	5.6991	-0.69574	0.27294
1932	6.2832	-0.8121	0.17043
1933	6.3689	0.00081707	0.013811
1934	7.2272	0.011997	0.42655
1935	6.2811	0.16952	0.017048
1936	6.2801	-0.03025	0.010094
1937	4.1142	-2.6651	0.83223
1938	3.607	-3.6212	0.25955
1939	6.4192	-0.00038104	0.019536
1940	6.2777	-0.12425	0.013728
1941	6.126	0.69527	0.13881
1942	6.2833	-1.7861	0.70768
1943	6.4536	0.0033871	0.024894
1944	7.0743	-0.0065359	0.30947
1945	6.2814	0.11235	0.013023
1946	6.2849	-0.1452	0.015148
1947	3.0535	-3.0879	0.43186
1948	3.5017	-5.457	0.30515
1949	6.4158	-0.00025854	0.019072
1950	6.2787	-0.061584	0.010814
1951	6.3118	1.9486	0.81926
1952	6.2848	-1.5364	0.54477
1953	6.4547	0.0034785	0.025096
1954	6.1137	0.018249	0.023747
1955	6.2855	0.038833	0.010257
1956	6.2888	-0.20529	0.020431
1957	3.7573	-2.3983	0.90313
1958	3.8239	-10.078	1.5455
1959	6.3188	-0.00016889	0.010615
1960	6.2799	0.013964	0.0099135
1961	5.6919	3.2203	1.5495
1962	6.2851	-0.40255	0.050156
1963	6.3734	0.0020587	0.014222
1964	5.3856	0.05861	0.3843
1965	6.2906	-0.04005	0.010321
1966	6.2886	-0.11417	0.013161
1967	4.5987	-1.4755	1.0629
1968	4.5939	-14.423	0.97276
1969	6.2233	-0.00027283	0.011477
1970	6.2804	0.077482	0.011367
1971	4.1184	3.5013	0.56716
1972	6.2877	0.61385	0.10272
1973	6.2845	-0.0006914	0.0098747
1974	5.2868	0.095731	0.4649
1975	6.2933	-0.078213	0.011483
1976	6.2843	0.034239	0.010167
1977	4.923	-1.8073	0.94652
1978	5.4098	-17.334	0.47063
1979	6.1715	-0.0007097	0.015758
1980	6.2802	0.090607	0.011918
1981	2.5858	3.7716	0.24969
1982	6.2891	1.1886	0.34313
1983	6.2078	-0.0025964	0.012479
1984	5.6558	0.11119	0.20096
1985	6.2896	-0.035921	0.010234
1986	6.2799	0.15279	0.015701
1987	5.0776	-2.1315	0.9849
1988	6.1194	-16.96	0.25267
1989	6.1969	-0.0010921	0.01332
1990	6.2791	0.032538	0.01013
1991	2.2925	4.0327	0.37228
1992	6.287	0.68599	0.12536
1993	6.1914	-0.0038246	0.013798
1994	6.4171	0.073511	0.020589
1995	6.2843	0.024171	0.01002
1996	6.2782	0.13904	0.014701
1997	4.8138	-2.4717	1.0251
1998	6.7104	-14.288	1.7711
1999	6.2409	-0.0011869	0.010633
2000	6.2779	-0.026201	0.010039
