	   1	488.6528256 -588.9956574 147.4540113
	   2	-517.011669 562.89702 146.912477
	   3	-204.5202162 -452.9537843 63.68767887
	   4	38.29800039 286.6365711 21.94804413
	  10	240.7741149 -73.28793303 16.84176618
	  18	-75.86083756 -30.77157476 3.546278708
	  21	44.13916244 -30.77157476 2.684966479
	  24	44.13916244 89.22842524 2.52352353
	  57	43.8095726 88.43740961 2.493169582
	  67	43.97070541 88.86587641 2.457725796
	  83	43.9494194 88.75692865 2.455410583
	  98	43.97380962 88.77169153 2.455410262
	 107	43.96047904 88.77704164 2.455333669
	 118	43.95945712 88.76986763 2.455317339
	 132	43.96092812 88.76878133 2.455316943
	 144	43.96006802 88.76847154 2.455316777
	 152	43.96034354 88.76883624 2.45531673
	 166	43.96023035 88.76885263 2.455316729
	 178	43.96027618 88.76881843 2.455316728
	 192	43.9602648 88.76880977 2.455316728
	 201	43.9602672 88.7688165 2.455316728
	 208	43.96027393 88.7688141 2.455316728
	 215	43.96027153 88.76880736 2.455316728
	 224	43.96027345 88.76881038 2.455316728
	 233	43.9602731 88.76880863 2.455316728
	 238	43.96027141 88.76881178 2.455316728
	 248	43.96027106 88.76881003 2.455316728
	 257	43.96027194 88.76880988 2.455316728
	 270	43.96027184 88.76881008 2.455316728
	 286	43.96027181 88.76881003 2.455316728
	 366	43.96027181 88.76881003 2.455316728
