	   1	488.6528256 -588.9956574 147.4540113
	   2	-517.011669 562.89702 146.912477
	   3	-204.5202162 -452.9537843 63.68767887
	   4	38.29800039 286.6365711 21.94804413
	  10	240.7741149 -73.28793303 16.84176618
	  18	-75.86083756 -30.77157476 3.546278708
	  21	44.13916244 -30.77157476 2.684966479
	  24	44.13916244 89.22842524 2.52352353
	  33	14.13916244 29.22842524 1.263065783
	  39	14.13916244 -0.7715747649 1.051833612
	  45	44.13916244 -0.7715747649 0.6428874184
	  63	46.95166244 -4.521574765 0.5725451228
	  83	47.10547104 -4.455656796 0.5599049761
	  95	47.09814682 -4.439177304 0.5598201964
	 107	47.09952011 -4.438261777 0.559818004
	 118	47.10020676 -4.438376218 0.5598176715
	 129	47.10029259 -4.438433438 0.5598176628
	 140	47.1003212 -4.438433438 0.559817662
	 146	47.1003212 -4.438440591 0.5598176619
	 157	47.10033371 -4.438442379 0.5598176618
	 168	47.1003364 -4.438443273 0.5598176618
	 179	47.10033718 -4.438443273 0.5598176618
	 191	47.10033729 -4.438443245 0.5598176618
	 203	47.10033732 -4.438443273 0.5598176618
	 364	47.10033732 -4.438443273 0.5598176618