	   1	475.1519852 -309.7522043 81.88372059
	   2	-123.2612864 519.0854285 71.51850484
	   3	229.5495087 221.1784967 27.16145158
	   5	-210.7503711 38.67223583 11.89981639
	  13	-61.03621133 -38.84108558 2.154710221
	  21	58.96378867 -38.84108558 1.730674277
	  26	28.96378867 -38.84108558 1.054612975
	  35	28.96378867 -23.84108558 1.036800582
	  36	28.96378867 21.15891442 0.755168998
	  49	34.58878867 13.65891442 0.3733582774
	  74	34.42765586 13.23044762 0.3508870641
	  86	34.64738242 13.24463829 0.3497571776
	  95	34.53843467 13.26592431 0.3433874089
	 107	34.51577537 13.31899628 0.3430780221
	 117	34.53053825 13.29460606 0.3429297269
	 124	34.55492847 13.30936894 0.3428918783
	 130	34.54016559 13.33375916 0.3428601409
	 141	34.53481547 13.32042858 0.3427964313
	 150	34.54198949 13.31940666 0.342780843
	 157	34.54096757 13.31223264 0.3427778323
	 167	34.53882214 13.31518352 0.3427761918
	 177	34.54029313 13.31409723 0.3427755524
	 186	34.53998334 13.31495732 0.3427752401
	 195	34.54025886 13.31532202 0.3427751704
	 217	34.54024991 13.31534918 0.3427751704
	 227	34.54023853 13.31534051 0.3427751703
	 233	34.54024719 13.31532913 0.3427751703
	 251	34.54024755 13.31533089 0.3427751703
	 266	34.54024763 13.31533133 0.3427751703
	 275	34.54024752 13.31533152 0.3427751703
	 283	34.54024733 13.31533142 0.3427751703
	 290	34.54024743 13.31533122 0.3427751703
	 301	34.54024742 13.31533133 0.3427751703
	 385	34.54024742 13.31533133 0.3427751703
