	   1	-486.3311672 -274.1847528 79.43074464
	   2	342.1408499 -408.9951631 73.02689193
	   3	387.1362085 -151.4174116 44.92787971
	   4	-203.175802 102.2792845 13.41970935
	   9	-157.9479492 160.5451609 13.09200548
	  21	-37.94794924 160.5451609 6.920815205
	  25	-37.94794924 40.54516092 2.665398604
	  32	-37.94794924 -79.45483908 2.033139368
	  45	-43.57294924 -71.95483908 2.019348093
	  46	-60.44794924 -49.45483908 1.859390559
	  68	-59.04169924 -49.04468283 1.681825611
	  79	-59.83271486 -48.71509299 1.504472084
	  92	-59.81852419 -48.93481955 1.502419914
	 100	-59.59879762 -48.92062888 1.491086606
	 109	-59.70774538 -48.89934286 1.489383832
	 116	-59.68645937 -48.79039511 1.4874039
	 127	-59.66380007 -48.84346709 1.486912755
	 142	-59.65844995 -48.83013651 1.486816018
	 154	-59.65742803 -48.82296249 1.486805288
	 164	-59.65957346 -48.82001162 1.486803219
	 171	-59.66252434 -48.82215705 1.48680321
	 177	-59.66037891 -48.82510792 1.486802114
	 187	-59.65929261 -48.82363693 1.486801622
	 193	-59.66076361 -48.82255063 1.486800935
	 202	-59.66045381 -48.82341073 1.486800925
	 211	-59.66017829 -48.82304603 1.486800883
	 219	-59.66054299 -48.82277051 1.486800859
	 229	-59.66033148 -48.8228573 1.486800851
	 240	-59.66044467 -48.82284091 1.486800849
	 252	-59.66039885 -48.8228751 1.486800848
	 262	-59.6604078 -48.82284794 1.486800848
	 276	-59.6604102 -48.82285468 1.486800848
	 288	-59.66040718 -48.8228566 1.486800848
	 297	-59.66040753 -48.82285835 1.486800848
	 307	-59.66040842 -48.82285821 1.486800848
	 317	-59.66040798 -48.82285829 1.486800848
	 324	-59.6604079 -48.82285785 1.486800848
	 338	-59.66040801 -48.82285786 1.486800848
	 345	-59.66040799 -48.82285797 1.486800848
	 429	-59.66040799 -48.82285797 1.486800848
