	   1	-477.8718171 -145.1728844 63.85098228
	   4	-100.1062052 460.1006382 56.26046625
	   5	-392.7151753 -232.8903869 53.36823263
	   6	102.5374071 126.357294 7.69859628
	   9	-29.4929645 -13.97800003 0.9570997841
	  32	-14.4929645 -13.97800003 0.7890987282
	  39	0.5070355025 1.021999971 0.3446433573
	  66	0.08955503372 0.2236601273 0.0164517903
	  73	-0.09355043503 0.01125778352 0.004406416862
	  80	-0.01298402878 0.01858200227 0.0001707339705
	  87	-0.01298402878 0.01125778352 0.0001160467326
	  88	-0.01298402878 -0.01071487273 0.0001130617336
	 100	-0.005659810031 0.01125778352 4.774012248e-05
	 111	-0.005659810031 0.005764619458 2.434056292e-05
	 118	-0.003828755344 0.00393356477 1.120540997e-05
	 119	0.001664408719 -0.001559599292 1.994515108e-06
	 134	-0.0001666459688 0.000271455395 3.2332812e-08
	 144	6.223586718e-05 4.257355909e-05 2.3912e-09
	 154	5.015408192e-06 1.396332959e-05 6.1376e-11
	 164	-2.137149181e-06 -3.417851531e-07 2.314e-12
	 174	-3.490098379e-07 -3.417851531e-07 9e-14
	 184	9.80249979e-08 1.052496827e-07 8e-15
	 194	-1.373371106e-08 -6.509026207e-09 0
	 355	-1.373371106e-08 -6.509026207e-09 0