	   1	-20.78720378 213.8636738 12.86876834
	   5	36.81039131 -175.6886605 8.968823922
	  13	170.2478543 27.49095184 7.749848542
	  22	50.24785425 27.49095184 0.9890505142
	  41	47.43535425 31.24095184 0.8593535506
	  61	47.27422144 30.81248504 0.8277321891
	  71	47.26003076 31.03221161 0.8095240803
	  78	47.0403042 31.01802093 0.7988993904
	  89	47.06159021 31.12696869 0.7980394027
	 100	47.08424951 31.07389671 0.7965865453
	 110	47.09901239 31.04950649 0.7965483305
	 121	47.10436251 31.06283707 0.7964694026
	 131	47.09718849 31.06385899 0.7964632622
	 139	47.09821041 31.07103301 0.796454644
	 148	47.10035584 31.06808213 0.7964517179
	 161	47.10004605 31.06894222 0.7964515053
	 170	47.10032157 31.06930692 0.796451469
	 182	47.10023478 31.06909541 0.796451463
	 194	47.10034798 31.06907902 0.7964514585
	 208	47.10033903 31.06910618 0.7964514583
	 218	47.10032765 31.06909751 0.7964514583
	 226	47.10033005 31.06910425 0.7964514582
	 238	47.10033307 31.06910233 0.7964514582
	 244	47.10033114 31.06909931 0.7964514582
	 253	47.1003315 31.06910106 0.7964514582
	 264	47.10033135 31.06910018 0.7964514582
	 274	47.10033179 31.0691001 0.7964514582
	 283	47.10033169 31.0691003 0.7964514582
	 292	47.1003318 31.06910031 0.7964514582
	 306	47.10033179 31.06910033 0.7964514582
	 382	47.10033179 31.06910033 0.7964514582
