	   1	-527.8291469 556.4338376 148.7804134
	   2	401.4165196 -261.823861 59.16408161
	   4	-47.47329829 -434.9520085 49.75154226
	   5	288.1823942 39.86782002 22.82169939
	   7	-193.0386294 -147.08412 15.56508294
	   8	88.09981248 -32.85262653 3.532830605
	  22	-31.90018752 -32.85262653 1.812377852
	  28	-1.900187522 -32.85262653 1.165410583
	  33	28.09981248 -32.85262653 1.14658479
	  39	28.09981248 -2.852626533 0.7743463675
	  48	28.09981248 12.14737347 0.5735173456
	  60	24.34981248 9.334873467 0.4966065433
	  61	13.09981248 0.8973734673 0.3496504999
	  82	12.77022263 0.1063578423 0.06424658025
	  97	12.55049607 0.09216716846 0.04162953719
	 109	12.52921006 -0.01678058545 0.04000606809
	 118	12.58228204 0.00587871631 0.03971368668
	 130	12.55789182 -0.008884162108 0.03948085755
	 141	12.56324193 0.004446416696 0.03946860384
	 152	12.56222001 -0.002727598349 0.03946281843
	 162	12.56007458 0.0002232786023 0.0394587008
	 186	12.55998779 1.176651449e-05 0.03945869351
	 198	12.56010098 -4.62359867e-06 0.03945868826
	 215	12.5600896 -1.328975532e-05 0.03945868824
	 224	12.56009201 -6.554731044e-06 0.03945868821
	 230	12.56009441 1.802932275e-07 0.0394586882
	 238	12.56008767 2.581704138e-06 0.0394586882
	 250	12.56009069 6.612440799e-07 0.0394586882
	 265	12.56009054 -2.20512328e-07 0.0394586882
	 278	12.56009044 -2.345698757e-08 0.0394586882
	 287	12.56009055 -1.034218958e-08 0.0394586882
	 371	12.56009055 -1.034218958e-08 0.0394586882
