	   1	-527.8291469 556.4338376 148.7804134
	   2	401.4165196 -261.823861 59.16408161
	   4	-47.47329829 -434.9520085 49.75154226
	   5	288.1823942 39.86782002 22.82169939
	   7	-193.0386294 -147.08412 15.56508294
	   8	88.09981248 -32.85262653 3.532830605
	  21	-31.90018752 -32.85262653 1.812377852
	  26	-1.900187522 -2.852626533 0.8633142399
	  33	28.09981248 -2.852626533 0.7743463675
	  41	13.09981248 -17.85262653 0.2629336299
	  73	12.51387498 -17.42782185 0.1458076377
	  80	12.46260545 -17.64754841 0.1258867505
	  87	12.4845781 -17.66952106 0.1229540331
	  88	12.55049607 -17.73543903 0.1184667976
	 105	12.55598924 -17.74825642 0.1183526789
	 112	12.55598924 -17.75008747 0.1183484597
	 113	12.55598924 -17.75558063 0.1183458688
	 125	12.55782029 -17.75008747 0.1183426256
	 132	12.55782029 -17.75191852 0.1183400839
	 143	12.56010911 -17.75374958 0.1183366432
	 159	12.5600805 -17.75377819 0.1183366429
	 176	12.56008944 -17.75377461 0.1183366429
	 187	12.56008989 -17.75377685 0.1183366429
	 199	12.56008989 -17.75377696 0.1183366429
	 200	12.56008989 -17.7537773 0.1183366429
	 211	12.56009 -17.75377696 0.1183366429
	 222	12.56009003 -17.7537771 0.1183366429
	 233	12.56009003 -17.75377714 0.1183366429
	 389	12.56009003 -17.75377714 0.1183366429
