	   1	181.2273209 70.45102699 9.953667902
	   7	-134.6220454 -97.96618306 8.812235284
	  21	-14.62204541 22.03381694 0.7125178578
	  38	15.37795459 22.03381694 0.2421565341
	 109	-2.676244627 13.87463725 0.2220295319
	 111	-2.734838377 13.3472935 0.1280774451
	 118	-2.969213377 13.8160435 0.1226767718
	 122	12.49953662 -0.2464564973 0.05642034141
	 166	12.44094287 -0.04137837233 0.04697509455
	 168	12.55813037 -0.04137837233 0.03988903561
	 196	12.55813037 -0.01208149733 0.03949713589
	 215	12.55813037 0.002566940167 0.0394622591
	 234	12.55996143 0.0007358854794 0.03945883205
	 259	12.55996143 -0.0001796418643 0.03945870461
	 283	12.56007587 4.923997159e-05 0.03945868891
	 309	12.56010448 -7.980487396e-06 0.03945868831
	 337	12.56009017 -8.279300232e-07 0.0394586882
	 373	12.56009062 6.613964842e-08 0.0394586882
	 446	12.56009058 5.697194183e-08 0.0394586882
	 523	12.56009055 9.747762186e-09 0.0394586882
	 603	12.56009055 9.747762186e-09 0.0394586882