	   1	-584.5023801 243.8124855 102.1855053
	   2	-156.3395175 71.0205658 7.633893775
	  21	-36.33951753 -48.9794342 2.138913876
	  33	-6.339517532 11.0205658 0.979281203
	  44	-6.339517532 -18.9794342 0.444258793
	  75	-0.7145175321 -26.4794342 0.4259748242
	 113	-3.527017532 -22.7294342 0.2663984681
	 131	-16.18326753 -4.916934198 0.2318527418
	 153	-12.43326753 8.676815802 0.07711228546
	 208	-9.444986282 4.487362677 0.02803469862
	 244	-9.41980928 4.438839728 0.02712545695
	 260	-9.420267044 4.438381964 0.02712540521
	 281	-9.420038162 4.438381964 0.02712538581
	 306	-9.420066772 4.438439184 0.0271253844
	 342	-9.420066772 4.438440972 0.0271253844
	 343	-9.420066772 4.438446337 0.0271253844
	 369	-9.42006856 4.438444549 0.0271253844
	 397	-9.420068113 4.438444549 0.0271253844
	 481	-9.420067907 4.438444436 0.0271253844
	 614	-9.420067907 4.438444436 0.0271253844