	   1	315.3305674 224.8072126 38.61240829
	   9	-45.80817611 -233.7307873 15.09820569
	  21	-45.80817611 6.269212741 1.464840339
	  33	-15.80817611 6.269212741 0.7979182687
	  44	-15.80817611 -23.73078726 0.7275007103
	  59	-0.8081761123 -1.230787259 0.5552413914
	  76	-6.433176112 -1.230787259 0.373363676
	 100	-0.8081761123 -8.730787259 0.3325455779
	 135	-3.620676112 -4.980787259 0.1854830314
	 151	-2.683176112 -4.043287259 0.1446927131
	 194	-3.093332362 -4.512037259 0.009840048271
	 210	-3.122629237 -4.453443509 0.007603669576
	 225	-3.151926112 -4.424146634 0.007518073924
	 243	-3.137277675 -4.438795072 0.007399840352
	 263	-3.139108729 -4.438795072 0.007396488911
	 291	-3.140024257 -4.438337308 0.00739604321
	 317	-3.140024257 -4.438451749 0.007396040349
	 358	-3.140024257 -4.438444597 0.007396040335
	 386	-3.140022469 -4.438444597 0.007396040334
	 509	-3.140022561 -4.438444525 0.007396040334
	 560	-3.140022672 -4.438444539 0.007396040334
	 571	-3.140022642 -4.438444491 0.007396040334
	 651	-3.140022642 -4.438444491 0.007396040334
