	   1	-45.264726 -476.5855869 58.48411976
	   2	276.7749497 71.62943728 20.55223908
	  10	168.8238211 45.93801906 8.324466613
	  21	48.82382106 45.93801906 2.061367378
	  30	18.82382106 -14.06198094 2.00627295
	  39	-11.17617894 15.93801906 1.046075198
	  53	18.82382106 15.93801906 0.8812988925
	  69	18.82382106 0.9380190568 0.3010877608
	  94	13.19882106 8.438019057 0.2948595906
	 131	16.01132106 4.688019057 0.1295472756
	 162	6.167571064 -8.554168443 0.06165989461
	 189	6.314055439 -8.554168443 0.05608718313
	 205	6.255461689 -8.847137193 0.0301078115
	 235	6.277434346 -8.876434068 0.02958762289
	 256	6.2792654 -8.876434068 0.02958451717
	 285	6.280180928 -8.876891832 0.02958417043
	 312	6.280066487 -8.876891832 0.02958416144
	 336	6.280037877 -8.876891832 0.02958416124
	 363	6.280045029 -8.876884679 0.02958416122
	 378	6.280045029 -8.876891832 0.02958416121
	 404	6.280045029 -8.876888256 0.02958416121
	 443	6.280045253 -8.876888926 0.02958416121
	 562	6.280045205 -8.876888896 0.02958416121
	 642	6.280045205 -8.876888896 0.02958416121