	   1	315.3305674 224.8072126 38.61240829
	   9	-45.80817611 -233.7307873 15.09820569
	  24	-45.80817611 -113.7307873 4.835051589
	  26	-45.80817611 6.269212741 1.464840339
	  37	-15.80817611 6.269212741 0.7979182687
	  44	-15.80817611 -23.73078726 0.7275007103
	  57	-0.8081761123 -8.730787259 0.3325455779
	  69	-3.620676112 -4.980787259 0.1854830314
	  78	0.1293238877 -8.730787259 0.03336002224
	  95	0.01213638773 -8.664869291 0.03101681893
	 102	-0.002512049772 -8.679517728 0.02945236926
	 103	-0.04645736227 -8.723463041 0.02667542046
	 115	0.04143326273 -8.833326322 0.0210523855
	 127	0.001150059603 -8.87177847 0.01972668641
	 134	0.001150059603 -8.873609525 0.01972284212
	 135	0.001150059603 -8.879102689 0.01972137728
	 147	-0.0006809950844 -8.879102689 0.01972094763
	 154	-0.0006809950844 -8.877271634 0.01971975789
	 165	-0.0002232314125 -8.876356107 0.01971958522
	 176	5.650423418e-06 -8.876813871 0.01971949067
	 187	5.650423418e-06 -8.876871091 0.01971948934
	 197	-1.502133955e-06 -8.876885396 0.01971948925
	 207	2.860053883e-07 -8.876887184 0.01971948925
	 217	-1.610294476e-07 -8.876888526 0.01971948925
	 228	-4.92707386e-08 -8.876888861 0.01971948925
	 238	6.608615877e-09 -8.876888917 0.01971948925
	 400	6.608615877e-09 -8.876888917 0.01971948925
