	   1	-584.5023801 243.8124855 102.1855053
	   2	-156.3395175 71.0205658 7.633893775
	  22	-36.33951753 71.0205658 2.381710195
	  24	-36.33951753 -48.9794342 2.138913876
	  36	-6.339517532 11.0205658 0.979281203
	  45	-6.339517532 -18.9794342 0.444258793
	  57	8.660482468 -3.979434198 0.3392559029
	  62	3.035482468 -22.7294342 0.2022975222
	  91	3.365072312 -21.93841857 0.1665333323
	  98	3.130697312 -22.13617248 0.1265421828
	 105	3.145345749 -22.15082092 0.1261559242
	 112	3.13802153 -22.15814514 0.1260054764
	 119	3.145345749 -22.16546935 0.1259061982
	 126	3.145345749 -22.17279357 0.1258215816
	 127	3.145345749 -22.19476623 0.1257287681
	 143	3.13802153 -22.18927307 0.1257171512
	 155	3.139394821 -22.19156188 0.1257132794
	 162	3.139852585 -22.19156188 0.1257130969
	 173	3.139967026 -22.19213409 0.125712977
	 185	3.139995636 -22.19219131 0.1257129741
	 196	3.140024246 -22.19221277 0.1257129736
	 207	3.140022458 -22.19221813 0.1257129735
	 218	3.140022011 -22.19222081 0.1257129735
	 225	3.140022458 -22.19222081 0.1257129735
	 236	3.140022458 -22.19222148 0.1257129735
	 253	3.140022444 -22.1922215 0.1257129735
	 419	3.140022444 -22.1922215 0.1257129735
