	   1	-486.3311672 -274.1847528 79.43074464
	   2	342.1408499 -408.9951631 73.02689193
	   3	387.1362085 -151.4174116 44.92787971
	   4	-203.175802 102.2792845 13.41970935
	   9	-157.9479492 160.5451609 13.09200548
	  21	-37.94794924 40.54516092 2.665398604
	  26	-37.94794924 -79.45483908 2.033139368
	  45	-7.947949235 -19.45483908 1.145263559
	  54	-7.947949235 10.54516092 1.079908959
	  66	-37.94794924 10.54516092 1.01268608
	  77	-7.947949235 -11.95483908 0.998591065
	  87	-0.4479492353 -19.45483908 0.7599146373
	 106	-22.94794924 -4.45483908 0.5604961622
	 118	-15.44794924 -4.45483908 0.09826934705
	 176	-15.68232424 -4.425542205 0.06678399091
	 192	-15.71162111 -4.425542205 0.06669197914
	 211	-15.69697267 -4.440190643 0.066589769
	 227	-15.70063478 -4.438359588 0.06658421036
	 247	-15.70017702 -4.438359588 0.06658407626
	 269	-15.70006258 -4.438474029 0.06658407392
	 295	-15.7001198 -4.438445419 0.06658407244
	 320	-15.70011265 -4.438445419 0.06658407242
	 357	-15.70011309 -4.438444525 0.06658407242
	 500	-15.7001132 -4.438444328 0.06658407242
	 509	-15.70011309 -4.438444315 0.06658407242
	 522	-15.70011308 -4.43844434 0.06658407242
	 598	-15.70011308 -4.43844434 0.06658407242
