	   1	-45.264726 -476.5855869 58.48411976
	   2	276.7749497 71.62943728 20.55223908
	  10	168.8238211 45.93801906 8.324466613
	  22	48.82382106 45.93801906 2.061367378
	  27	18.82382106 45.93801906 1.133704195
	  34	18.82382106 15.93801906 0.8812988925
	  42	18.82382106 0.9380190568 0.3010877608
	  51	13.19882106 8.438019057 0.2948595906
	  63	16.01132106 4.688019057 0.1295472756
	  82	15.85018825 4.25955226 0.08574605184
	  92	15.83599758 4.479278822 0.07622432743
	  99	15.61627102 4.465088149 0.07027477081
	 109	15.72521877 4.443802138 0.06690655437
	 122	15.71045589 4.468192358 0.06685903532
	 126	15.68779659 4.415120383 0.06679604753
	 138	15.71218681 4.429883261 0.06667533638
	 144	15.69742393 4.454273482 0.06665039002
	 155	15.69207382 4.440942903 0.06661796411
	 162	15.7054044 4.43559279 0.06660011307
	 171	15.69823038 4.436614712 0.06658668315
	 182	15.70118126 4.438760144 0.06658466813
	 191	15.69971026 4.439846438 0.06658464554
	 201	15.70002006 4.438986343 0.06658415026
	 207	15.70032985 4.438126248 0.06658412125
	 219	15.69996516 4.438401768 0.06658408382
	 229	15.70017667 4.438314981 0.06658407863
	 239	15.70019306 4.438428176 0.06658407569
	 246	15.70007986 4.438444566 0.06658407297
	 256	15.70011406 4.438490394 0.06658407295
	 265	15.70012301 4.438463235 0.06658407256
	 275	15.70011163 4.438454568 0.06658407245
	 282	15.7001203 4.43844319 0.06658407245
	 294	15.70011356 4.438445592 0.06658407242
	 307	15.70011321 4.438443839 0.06658407242
	 319	15.70011336 4.438444721 0.06658407242
	 328	15.70011292 4.438444803 0.06658407242
	 332	15.70011304 4.438443917 0.06658407242
	 344	15.70011312 4.438444357 0.06658407242
	 367	15.7001131 4.438444346 0.06658407242
	 443	15.7001131 4.438444346 0.06658407242
