	   1	-20.78720378 213.8636738 12.86876834
	   5	36.81039131 -175.6886605 8.968823922
	  13	170.2478543 27.49095184 7.749848542
	  21	50.24785425 27.49095184 0.9890505142
	  26	-9.752145749 -2.509048159 0.8341064314
	  35	-9.752145749 -32.50904816 0.7733693893
	  48	5.247854251 -17.50904816 0.582048847
	  50	-24.75214575 -17.50904816 0.3173113129
	  80	-25.17695044 -17.45045441 0.2612134425
	  87	-25.10370825 -17.72877472 0.2370046461
	  94	-25.11103247 -17.72877472 0.2369108755
	 105	-25.11652563 -17.74525421 0.2367375462
	 112	-25.11835669 -17.75990265 0.2367237573
	 124	-25.11972998 -17.75349396 0.2367128231
	 136	-25.1200733 -17.75372284 0.2367127084
	 148	-25.12015913 -17.75375145 0.2367127024
	 159	-25.12017344 -17.75377291 0.236712702
	 171	-25.12017701 -17.75377291 0.236712702
	 182	-25.12017969 -17.75377559 0.236712702
	 194	-25.12017969 -17.75377604 0.236712702
	 205	-25.12017978 -17.75377607 0.236712702
	 216	-25.12017981 -17.75377609 0.236712702
	 379	-25.12017981 -17.75377609 0.236712702