	   1	475.1519852 -309.7522043 81.88372059
	   2	-123.2612864 519.0854285 71.51850484
	   3	229.5495087 221.1784967 27.16145158
	   5	-210.7503711 38.67223583 11.89981639
	  13	-61.03621133 -38.84108558 2.154710221
	  21	58.96378867 -38.84108558 1.730674277
	  26	-1.036211327 -8.841085582 0.5105799016
	  32	-31.03621133 -8.841085582 0.3320460632
	  64	-31.54158242 -8.606710582 0.2943729256
	  71	-31.43904336 -8.85573402 0.2672019593
	  78	-31.39509805 -8.85573402 0.2664613775
	  90	-31.39509805 -8.872213512 0.2663549
	  97	-31.3969291 -8.874044567 0.2663437427
	  98	-31.40242226 -8.879537731 0.2663404564
	 114	-31.40013345 -8.876791149 0.2663362925
	 126	-31.40013345 -8.87690559 0.2663362902
	 137	-31.40019067 -8.87687698 0.2663362865
	 148	-31.40021212 -8.876884132 0.266336286
	 159	-31.40022285 -8.87688592 0.2663362859
	 170	-31.40022509 -8.876887261 0.2663362859
	 181	-31.40022531 -8.87688782 0.2663362859
	 193	-31.40022542 -8.876887792 0.2663362859
	 204	-31.40022545 -8.876887827 0.2663362859
	 240	-31.40022547 -8.876887832 0.2663362859
	 355	-31.40022547 -8.876887832 0.2663362859