	   1	181.2273209 70.45102699 9.953667902
	   7	-134.6220454 -97.96618306 8.812235284
	  22	-14.62204541 -97.96618306 3.913124959
	  24	-14.62204541 22.03381694 0.7125178578
	  39	15.37795459 22.03381694 0.2421565341
	  72	15.63430225 22.22424663 0.1873229838
	  79	15.67092334 22.18762553 0.1853323273
	  86	15.67824756 22.18030132 0.1851755705
	  93	15.68557178 22.18030132 0.1850422546
	  94	15.70754444 22.18030132 0.1849641838
	 110	15.70205127 22.18945659 0.1849047952
	 122	15.70022022 22.19128764 0.1849012259
	 132	15.69999133 22.19208873 0.1849010138
	 139	15.70010578 22.19208873 0.1849010065
	 150	15.70010578 22.19217456 0.1849010027
	 162	15.70010578 22.19221032 0.1849010022
	 173	15.70011114 22.19221748 0.1849010021
	 184	15.70011203 22.19221971 0.1849010021
	 195	15.70011215 22.19222072 0.1849010021
	 206	15.70011212 22.1922208 0.1849010021
	 212	15.70011215 22.1922208 0.1849010021
	 222	15.70011216 22.19222086 0.1849010021
	 381	15.70011216 22.19222086 0.1849010021
