	   1	-477.8718171 -145.1728844 63.85098228
	   4	-100.1062052 460.1006382 56.26046625
	   5	-392.7151753 -232.8903869 53.36823263
	   6	102.5374071 126.357294 7.69859628
	   9	-29.4929645 -13.97800003 0.9570997841
	  32	-14.4929645 -13.97800003 0.7890987282
	  40	-8.867964498 -21.47800003 0.3985624197
	  61	-9.197554341 -22.26901565 0.1715564903
	  72	-9.626021138 -22.10788284 0.1683145375
	  84	-9.406294576 -22.09369217 0.1479638637
	  96	-9.427580586 -22.20263992 0.1454977121
	 115	-9.422230473 -22.18930934 0.1454467789
	 128	-9.420085042 -22.19226022 0.145442317
	 158	-9.420050847 -22.19221439 0.1454423166
	 169	-9.420078007 -22.19222334 0.1454423165
	 178	-9.420066629 -22.19221468 0.1454423164
	 187	-9.42006903 -22.19222141 0.1454423164
	 203	-9.420067278 -22.19222177 0.1454423164
	 218	-9.420067196 -22.19222133 0.1454423164
	 227	-9.420067301 -22.19222113 0.1454423164
	 238	-9.420067288 -22.19222124 0.1454423164
	 246	-9.420067275 -22.19222135 0.1454423164
	 255	-9.420067322 -22.19222132 0.1454423164
	 269	-9.420067325 -22.19222131 0.1454423164
	 341	-9.420067325 -22.19222131 0.1454423164
