	   1	-527.8291469 556.4338376 148.7804134
	   2	401.4165196 -261.823861 59.16408161
	   4	-47.47329829 -434.9520085 49.75154226
	   5	288.1823942 39.86782002 22.82169939
	   7	-193.0386294 -147.08412 15.56508294
	   8	88.09981248 -32.85262653 3.532830605
	  21	-31.90018752 -32.85262653 1.812377852
	  32	-1.900187522 -2.852626533 0.8633142399
	  45	28.09981248 -2.852626533 0.7743463675
	  58	-9.400187522 -2.852626533 0.5926110937
	  70	-9.400187522 12.14737347 0.3882191008
	  85	13.09981248 -17.85262653 0.2629336299
	 101	-9.400187522 4.647373467 0.03822546806
	 182	-9.423991233 4.429477959 0.02715320392
	 198	-9.420329124 4.440464288 0.02712643948
	 208	-9.420329124 4.438633233 0.02712542745
	 232	-9.41987136 4.438633233 0.02712541264
	 259	-9.420100242 4.438404351 0.02712538532
	 286	-9.420071632 4.438432961 0.02712538444
	 312	-9.420064479 4.438447266 0.0271253844
	 338	-9.420068055 4.43844369 0.0271253844
	 363	-9.420068055 4.438444584 0.0271253844
	 437	-9.420067833 4.438444451 0.0271253844
	 500	-9.42006788 4.43844448 0.0271253844
	 580	-9.42006788 4.43844448 0.0271253844