	   1	-486.3311672 -274.1847528 79.43074464
	   2	342.1408499 -408.9951631 73.02689193
	   3	387.1362085 -151.4174116 44.92787971
	   4	-203.175802 102.2792845 13.41970935
	   9	-157.9479492 160.5451609 13.09200548
	  22	-37.94794924 160.5451609 6.920815205
	  24	-37.94794924 40.54516092 2.665398604
	  34	-37.94794924 -79.45483908 2.033139368
	  39	-7.947949235 -19.45483908 1.145263559
	  45	-37.94794924 -19.45483908 1.094672053
	  52	-37.94794924 10.54516092 1.01268608
	  59	-15.44794924 -4.45483908 0.09826934705
	  90	-15.7482422 -4.22046408 0.07959800402
	  96	-15.68964845 -4.403569549 0.06694313082
	 103	-15.68964845 -4.410893768 0.06682874757
	 104	-15.68964845 -4.432866424 0.06664663318
	 120	-15.69880373 -4.434697479 0.06658844304
	 131	-15.70017702 -4.438359588 0.06658407626
	 142	-15.70006258 -4.438474029 0.06658407392
	 153	-15.70009119 -4.438445419 0.06658407266
	 162	-15.70010549 -4.438445419 0.06658407245
	 172	-15.70011265 -4.438443631 0.06658407242
	 184	-15.70011265 -4.438444078 0.06658407242
	 194	-15.70011298 -4.438444301 0.06658407242
	 204	-15.70011306 -4.438444329 0.06658407242
	 214	-15.70011309 -4.438444343 0.06658407242
	 376	-15.70011309 -4.438444343 0.06658407242
