	   1	-584.5023801 243.8124855 102.1855053
	   2	-156.3395175 71.0205658 7.633893775
	  21	-36.33951753 71.0205658 2.381710195
	  25	-36.33951753 -48.9794342 2.138913876
	  33	-66.33951753 -48.9794342 1.768945969
	  37	53.66048247 -48.9794342 1.354351279
	  74	53.23201567 -48.81830139 1.320204521
	  86	53.45174223 -48.80411071 1.31187104
	  95	53.34279448 -48.7828247 1.31034024
	 104	53.39586646 -48.7601654 1.310339759
	 111	53.41852576 -48.81323738 1.309987969
	 118	53.36545378 -48.83589668 1.309390553
	 128	53.389844 -48.8211338 1.309282472
	 137	53.37651342 -48.81578369 1.309256739
	 146	53.38368744 -48.81680561 1.309251514
	 153	53.38266552 -48.82397962 1.309239769
	 163	53.38052008 -48.82102875 1.309237668
	 175	53.37943379 -48.82249974 1.309237282
	 182	53.38090479 -48.82358604 1.309237091
	 190	53.38059499 -48.82272594 1.309236846
	 200	53.38031947 -48.82309064 1.30923683
	 211	53.38040626 -48.82287913 1.309236816
	 226	53.38036043 -48.82284493 1.309236816
	 235	53.38036938 -48.82287209 1.309236816
	 247	53.38036072 -48.82286071 1.309236816
	 258	53.38036745 -48.82286311 1.309236815
	 269	53.38036443 -48.82286119 1.309236815
	 281	53.38036619 -48.82286155 1.309236815
	 292	53.38036604 -48.82286243 1.309236815
	 301	53.3803656 -48.82286235 1.309236815
	 311	53.38036571 -48.82286254 1.309236815
	 318	53.3803659 -48.82286244 1.309236815
	 324	53.3803658 -48.82286224 1.309236815
	 334	53.38036581 -48.82286235 1.309236815
	 418	53.38036581 -48.82286235 1.309236815
