	   1	315.3305674 224.8072126 38.61240829
	   9	-45.80817611 -233.7307873 15.09820569
	  24	-45.80817611 -113.7307873 4.835051589
	  26	-45.80817611 6.269212741 1.464840339
	  34	-15.80817611 6.269212741 0.7979182687
	  41	-15.80817611 -23.73078726 0.7275007103
	  53	-10.18317611 -31.23078726 0.5469197442
	  64	-12.99567611 -27.48078726 0.4716080661
	  81	-12.66608627 -26.68977163 0.2234232196
	  99	-12.55713851 -26.71105765 0.2185556146
	 106	-12.5358525 -26.60210989 0.217431574
	 116	-12.58892448 -26.62476919 0.217358612
	 126	-12.5741616 -26.64915941 0.217118716
	 133	-12.54977138 -26.63439654 0.2169908183
	 142	-12.56310196 -26.62904642 0.2169392781
	 155	-12.56095653 -26.6319973 0.2169349034
	 166	-12.55987023 -26.6305263 0.2169341121
	 180	-12.56014575 -26.630891 0.2169340977
	 191	-12.56005897 -26.63067949 0.2169340838
	 205	-12.56010479 -26.63064529 0.2169340835
	 214	-12.56009584 -26.63067245 0.2169340833
	 223	-12.56008446 -26.63066379 0.2169340833
	 232	-12.56008687 -26.63067052 0.2169340833
	 243	-12.56008988 -26.6306686 0.2169340833
	 246	-12.56008847 -26.63066159 0.2169340833
	 256	-12.56009039 -26.63066461 0.2169340833
	 268	-12.56008864 -26.63066496 0.2169340833
	 278	-12.56008952 -26.63066481 0.2169340833
	 292	-12.56008941 -26.63066501 0.2169340833
	 304	-12.56008943 -26.6306649 0.2169340833
	 388	-12.56008943 -26.6306649 0.2169340833