	   1	181.2273209 70.45102699 9.953667902
	   7	-134.6220454 -97.96618306 8.812235284
	  21	-14.62204541 -97.96618306 3.913124959
	  24	-14.62204541 22.03381694 0.7125178578
	  34	15.37795459 22.03381694 0.2421565341
	  67	15.5390874 22.46228374 0.2158325705
	  76	15.55327808 22.24255717 0.1962944992
	  84	15.77300464 22.25674785 0.1885991129
	  93	15.66405689 22.27803386 0.187392802
	 101	15.64277088 22.16908611 0.1866779714
	 110	15.69584285 22.19174541 0.184910175
	 127	15.70301687 22.19072349 0.1849057836
	 137	15.70087143 22.19367436 0.184901819
	 149	15.69978514 22.19220337 0.1849010557
	 162	15.70006066 22.19256806 0.1849010336
	 172	15.70027217 22.19248128 0.1849010319
	 174	15.70020661 22.1920285 0.1849010159
	 184	15.6999951 22.19211528 0.1849010118
	 191	15.70008189 22.19232679 0.1849010054
	 200	15.7000655 22.1922136 0.1849010032
	 210	15.70009969 22.19225943 0.1849010026
	 219	15.70010864 22.19223227 0.1849010022
	 230	15.70011731 22.19222089 0.1849010021
	 242	15.70011057 22.19222329 0.1849010021
	 254	15.70011359 22.19222137 0.1849010021
	 263	15.70011324 22.19221962 0.1849010021
	 270	15.70011148 22.19221997 0.1849010021
	 277	15.70011184 22.19222173 0.1849010021
	 287	15.70011169 22.19222084 0.1849010021
	 293	15.70011257 22.1922207 0.1849010021
	 301	15.70011213 22.19222078 0.1849010021
	 317	15.70011212 22.19222089 0.1849010021
	 327	15.70011217 22.19222086 0.1849010021
	 407	15.70011217 22.19222086 0.1849010021
