	   1	-20.78720378 213.8636738 12.86876834
	   5	36.81039131 -175.6886605 8.968823922
	  13	170.2478543 27.49095184 7.749848542
	  21	50.24785425 27.49095184 0.9890505142
	  31	-9.752145749 -2.509048159 0.8341064314
	  45	-9.752145749 -32.50904816 0.7733693893
	  77	9.466604251 -3.446548159 0.2641144891
	  90	9.466604251 4.053451841 0.06502857744
	 160	9.444631594 4.339096373 0.02989545664
	 204	9.419912356 4.43843109 0.02712539654
	 223	9.420026797 4.43843109 0.02712538528
	 248	9.420084017 4.43843109 0.02712538457
	 275	9.420069712 4.438438242 0.02712538441
	 289	9.420069712 4.438445395 0.0271253844
	 313	9.420067924 4.438443606 0.0271253844
	 351	9.420067924 4.438444389 0.0271253844
	 484	9.420067877 4.438444419 0.0271253844
	 564	9.420067877 4.438444419 0.0271253844
