	   1	488.6528256 -588.9956574 147.4540113
	   2	-517.011669 562.89702 146.912477
	   3	-204.5202162 -452.9537843 63.68767887
	   4	38.29800039 286.6365711 21.94804413
	  10	240.7741149 -73.28793303 16.84176618
	  18	-75.86083756 -30.77157476 3.546278708
	  21	44.13916244 -30.77157476 2.684966479
	  26	44.13916244 89.22842524 2.52352353
	  43	14.13916244 -0.7715747649 1.051833612
	  57	44.13916244 -0.7715747649 0.6428874184
	  79	8.514162444 4.853425235 0.4364114932
	  88	-21.48583756 4.853425235 0.2828873
	 151	6.873537444 -9.443449765 0.2671213868
	 193	6.463381194 -8.037199765 0.214635606
	 195	6.346193694 -8.857512265 0.03186596023
	 211	6.229006194 -8.857512265 0.03098060679
	 237	6.287599944 -8.857512265 0.02970666169
	 261	6.280275725 -8.872160702 0.02958978215
	 270	6.280275725 -8.879484921 0.02958587428
	 287	6.280275725 -8.875822812 0.0295844722
	 298	6.280275725 -8.877653866 0.02958433423
	 325	6.279817961 -8.876738339 0.02958419272
	 355	6.280046843 -8.87685278 0.02958416154
	 382	6.280046843 -8.87688139 0.02958416123
	 408	6.280046843 -8.876888543 0.02958416121
	 435	6.280045055 -8.876888543 0.02958416121
	 512	6.280045036 -8.876889006 0.02958416121
	 514	6.280045127 -8.876888656 0.02958416121
	 528	6.280045099 -8.876888831 0.02958416121
	 540	6.280045294 -8.876888782 0.02958416121
	 602	6.280045183 -8.876888795 0.02958416121
	 609	6.280045196 -8.876888906 0.02958416121
	 693	6.280045196 -8.876888906 0.02958416121