	   1	-45.264726 -476.5855869 58.48411976
	   2	276.7749497 71.62943728 20.55223908
	  10	168.8238211 45.93801906 8.324466613
	  21	48.82382106 45.93801906 2.061367378
	  26	18.82382106 15.93801906 0.8812988925
	  39	18.82382106 0.9380190568 0.3010877608
	  49	3.823821064 4.688019057 0.2446113769
	  74	3.237883564 4.856476088 0.05541389204
	  81	3.106047627 4.453644057 0.008031209252
	  93	3.139006611 4.437164565 0.007396966686
	 104	3.139922139 4.438080092 0.007396078614
	 115	3.14003658 4.438423415 0.007396040542
	 130	3.140022274 4.438444872 0.007396040334
	 146	3.140022722 4.438444425 0.007396040334
	 156	3.14002261 4.438444425 0.007396040334
	 166	3.140022638 4.438444453 0.007396040334
	 334	3.140022638 4.438444453 0.007396040334
